,turn-radius,uuv-speed,nav-bearing-std,nav-velocity-std-cm,max-obs-dist,obs-influence,sonar_ping_rate,side_angle,side_low_range,side_hi_range,side_p_detect,forward_angle,forward_low_range,forward_hi_range,forward_p_detect,current-heading,drift-speed
0,5.375398023248515,2.170103929043302,0.7359033902820931,2.017029325260195,5.160419701722692,2.7832582982242693,16.06912055838334,81.11467768646713,20.243067948845507,985.8806319323949,0.6906850818104491,82.18990529127879,17.24043811339516,572.9936170611875,0.866053460504141,275.6813310762331,0.20907046680790364
1,11.845933392616177,2.757326700610939,3.934274961827119,5.413992295724167,7.535228359119621,1.3536394612001548,25.58836040058154,106.13294633974272,4.400790721021329,894.429000153306,0.8141710865898227,30.29700103945042,4.467615127433339,469.90389726562614,0.8831937436354036,184.62724088563382,0.49273389005701235
2,18.32701532472297,3.766723214867932,1.7389539625491865,9.316289119450637,2.787150649639873,4.999228685862099,16.65791208328997,50.15681163334303,38.82861413545263,297.46577774201944,0.7999555958641991,88.29909873425906,15.208679948438604,442.7389003263065,0.9371327906313867,220.62766920021585,0.5452489390204752
3,7.4391892266809005,3.7253740958713966,1.2782084833463025,0.16386956907512837,2.374757531728655,2.825824488327651,8.836657046008337,119.59798044286326,33.57824793950846,216.18395070992412,0.788730533899775,28.703190862576683,10.044736691979601,325.0988177090789,0.5080394627697088,85.92679235548219,0.5359217700228989
4,14.318106496978128,2.751821229985878,3.79888097578043,1.365339436332499,7.163402828827771,3.12662695024549,9.35162294716906,44.45242446746658,27.706438532369294,756.6230965846839,0.9213292228359847,85.44025158420239,2.7392650747506018,98.025786580535,0.6225484881463301,58.12138697862096,1.9273754848557267
5,5.009271311487394,2.5571833398895176,3.2117680018729047,5.880019222413023,3.1221569753288447,1.9162845155179578,29.14192367541596,50.34848768092634,6.090979424366262,550.5917834853086,0.7048383168873916,88.94552385680026,1.160186706508462,765.5088651441198,0.6103727809233872,87.89216351150954,1.1150387161802156
6,6.181762228616459,2.855590606760364,1.7791916039307167,3.2305166171740995,8.145358689106642,1.001091083160116,28.20677880440034,33.5534290263541,34.0399639997759,741.7285698706355,0.5024887010178858,83.07416427019493,15.12095689035321,311.33666948562876,0.7263236411392053,274.6973663521016,0.8883875512308276
7,19.033695446748627,2.5020881724235897,1.1176043706189278,0.41516813226413984,4.121795715609696,4.905546653307089,19.43485780911337,106.42684896454873,4.382143043467174,405.94125861666384,0.8835326513351129,27.371526216595086,0.16635610408242857,11.112634276587888,0.6369010490998881,285.67247787788034,1.9475066255640208
8,17.190949599331773,2.3251940262767534,3.669869057232011,2.67752909140692,1.8787109431383944,4.322189459712153,10.260773435066474,21.97799996884258,24.319149973606,858.9574587160423,0.8303699828245463,55.98605762903466,4.055097413342681,405.2237721191116,0.9963374515528403,74.74545628648629,0.06113803269888025
9,4.289878817237106,2.6015088150303862,0.9797005807709935,2.2280320222709573,2.2342836237967143,4.401147923663847,18.504507974430638,91.29334591540723,12.310939327020785,620.4761334706783,0.9956955206640284,74.34178767977028,1.3758554813704063,588.1378023576016,0.7906644319418177,214.6874008458649,0.4245778108591511
10,7.1318915575922155,3.5048680340367975,0.412440870924221,5.372239981146714,9.790198119181557,4.00911059172798,13.947690955459118,96.42942009384863,6.7158325197474165,324.32969377645685,0.7124173072449516,78.62324245397068,13.045430615678281,111.7191447630327,0.5163899483595492,247.06209974874218,1.5948202686439596
11,10.70176511725144,2.184355002458821,0.02610424377757261,5.768105688034487,8.54828168512055,3.197954054029912,11.425985132869295,62.40667388841772,0.21451053522899496,462.4492073914734,0.7391089515505419,59.08911396857914,10.354558989713958,368.60904612280535,0.7685910171643349,204.42924888731162,0.6625847674241435
12,5.2967658801964355,3.2032496915172013,0.03596979199892331,5.7233646946724335,7.204891402846293,2.112222214245274,9.921239133320146,32.30102770493515,10.815863918114514,418.73454525937,0.6489998008137257,46.17449494088555,18.960124968822885,484.1445552706567,0.5863553256902692,48.98427553993024,0.8098988889171619
13,14.88174824208944,3.249027259051952,3.2148324776152526,9.066148811925519,8.18462013285085,4.4296936716351,13.402685316366654,26.802049210108187,28.342715585913723,280.4602940521479,0.8175891890197913,72.36190165323629,7.950556160323493,162.37760780431088,0.9219776990254489,263.3001742212557,1.0708912992815518
14,12.209110683380453,3.756904009122395,0.24053849771521185,2.0690137387003342,9.181575909420554,3.178048597781899,2.428122203171725,22.404814476182217,26.723565374073303,494.4079023548523,0.5917587858653742,47.15777549061451,19.80622721873963,173.53717743050942,0.8053555099736991,262.01043152610004,1.8490144662463956
15,15.71967164320984,2.730050499769135,1.882322020540002,4.086165811493451,7.783851299343197,2.2552366908478003,9.699971779749038,64.52072400607736,23.994247836813347,888.0423333545098,0.7752707674834244,36.7554079447887,9.480858452485997,622.0200069538575,0.9241070668759509,25.377229114320816,1.328697992683333
16,18.121111578085515,3.8493221984325956,3.473074359848674,6.328846757505797,9.574918655658777,2.362884557132587,16.96336943870579,97.40714504518799,32.740673769336304,251.10990573375878,0.5989160820195221,70.47527242327503,18.479572215956537,401.2067215727961,0.5198680430935565,215.41808452532374,0.2486640139986547
17,14.73787705766474,2.8847928475567617,2.43805187917038,7.591440698092095,4.66072720345719,0.7503637369087064,18.869118492444056,22.112763126937246,21.28563791679977,320.74764028755993,0.6837780178321067,42.285486498631954,9.741664166368068,536.5972556311556,0.9044832738343397,303.59767001067405,0.7363700825023722
18,16.893824848640246,3.9222006251391806,1.5591969112024902,8.8116573359852,2.700532001962425,1.1383456351129757,7.2904084041691,73.48688864285694,1.0753865964530034,233.74719619271835,0.8897603383619535,26.651535892306374,1.907896158875685,772.1973974490207,0.5181232212993564,29.650440792707446,0.6071834452338893
19,9.380051472204958,2.4715416402857198,3.4254529176557296,8.7858965113709,2.5230830067915293,3.865119251344757,20.067112262197863,42.45587992411561,1.3231757405653117,599.6688813346293,0.6713872120064872,50.85781715477788,5.88562119560169,657.4808913300129,0.9920368214629444,30.16523074747716,0.07582270240554127
20,3.233166594120064,3.116998006965533,1.0789393912940153,3.262176039472347,4.064642969961714,4.306602586094664,2.509263747114525,85.79405542232233,25.15153097236562,838.5655429776019,0.8344378430762054,67.26611870835345,10.77820341135902,365.24370109150277,0.9888399993289467,115.85420887838525,1.28421511020984
21,18.27320927505817,3.5482587341555023,3.068807699046027,5.102978852239487,5.340586312636258,1.4798163633235255,3.585689785423047,77.16863762894474,19.56164201576198,574.5093894156744,0.9549867540819006,51.648064800665075,0.7251147375518074,441.5149968597687,0.8286214948870764,310.67268329921507,1.9853827336947403
22,14.44778542583822,3.3200465906901115,3.9090799386086585,6.656843711766724,4.091410048757123,4.700812955126301,21.596757427039783,93.9422531645407,18.7643386250731,617.9856248316777,0.9949782158666838,83.39511986718854,17.60544521265573,223.48127655083258,0.8483660861213015,339.7028489122104,1.3265908313920654
23,6.219211877788091,3.8830215528198315,1.6166413739750862,0.7827818639898052,2.737891937784137,0.8314962670904964,23.192443508680647,83.17074881060736,19.701874144379975,403.247396294009,0.6890945329275907,53.550483733025565,5.216341456164534,122.6504269702299,0.6313943775697846,212.1047614924645,1.2106718987949567
24,4.069609020024538,3.8159606767511276,0.35017449395907635,4.743019439113002,3.719764481810706,2.2474644425617836,16.378689063610693,79.12395963019296,19.035391397465283,369.9037099389402,0.5911408360616797,60.15603605948935,8.873244756390218,179.82415172372112,0.7494099675824303,33.05385630661806,0.8609600461882018
25,11.829419562347788,3.5341442027939696,1.9353689842550241,1.6529677142301493,7.147256911012123,0.6225017553901028,13.67825806055565,102.7808578341475,2.5742954244572114,446.02317597562126,0.6348301050042385,47.741464827278975,15.64102263387851,198.47407836366432,0.7737812202418739,54.749166531643866,1.9366079686886404
26,15.23738117714072,3.709498004822636,3.3486856555696796,5.957087714453064,2.34484721604091,3.3203470229632095,2.8528939512116933,51.55923942270597,33.246425015034525,791.0245296809845,0.7457651595824983,44.662363866767976,9.715205781152166,521.6587122778717,0.5277356239961855,161.7089286201136,1.7093889739893282
27,15.132092634156317,3.5614771416777096,0.07125940479571784,1.712606533267795,8.41803347277667,1.273487729985698,2.6773779465400924,23.582600413134895,23.08736748753295,822.6541956538766,0.6819363472455625,31.092745181318094,18.15740417803497,14.413529490744803,0.8178759873698765,315.35870254347986,1.3384001965336447
28,19.436400843000037,3.099019163476515,3.496166119884127,8.399086873809658,4.731965969154203,1.5770108209622147,8.099680384615594,90.02431672478114,8.415400228021293,531.9975914156518,0.951189204149041,62.52934978644715,16.617882547906795,648.3926441684612,0.6341821723490381,206.945604676189,1.452590751988544
29,5.702733865981157,2.4231856600637776,3.65236888544782,9.782689465962111,3.4534104974446556,4.664685552025915,9.079572167499322,38.760056446356174,21.793979417172565,695.0849423656118,0.5717893458605565,50.524140142452026,14.55939669381239,784.5236908520656,0.9120958757688595,140.9156106930969,1.7926155607508236
30,14.061123965493838,3.091799511661714,1.442890454851955,2.322362675293978,2.8498164342038392,1.69803091936237,7.865633136011785,76.09567522190355,29.733482486370214,431.2707199082589,0.9417677193710676,79.76550249250978,15.385006932946554,234.0391571880986,0.568243869626735,14.433690728118506,0.5179717801347916
31,5.507510778905669,2.343653400633336,1.5061472612456062,4.986816802952042,1.2393140564067446,1.2261140254898573,4.305984761673724,87.61684220585813,2.8296684763508755,827.0000613009197,0.8618911263200606,32.48707320304572,14.97594866207849,696.6257878387171,0.7375397440205571,189.24623391917075,1.8876616499136332
32,10.415982981091235,3.4564414548499047,0.08782570253974545,4.804639507575023,2.423067611529484,2.165436277579186,5.447349670826094,103.22240040917272,20.065427589837718,306.789733237829,0.9680247410427922,80.92943183741625,6.899848860329653,165.65606318692195,0.8946902285983467,167.42806564581596,1.668122778039968
33,9.110367432046651,3.295003335880345,2.1210242681760945,8.455171684733523,7.6145016383319275,2.1870420112577573,28.578989982788812,117.76937450235457,24.662058855730884,401.0291521133471,0.9437082780636366,41.97271093674135,7.305094482753336,742.1524312605305,0.5042483848383014,107.76413400088636,0.7190099682935669
34,19.9897470154321,2.4562100017206525,0.05851581758131784,5.838217258084332,9.674761445825586,4.341463918021175,27.83568609031651,108.9990307878332,6.424907537000594,345.16038247488507,0.8676875650736875,55.29553541867234,16.876661106136794,105.64234450432552,0.6212332418110554,352.8111921225035,1.0517261688685628
35,9.000975490061982,3.6703430782770954,1.4869265081394893,2.607774547344517,3.9033258351104223,3.8426855849247237,21.206742756170428,40.44268079962612,23.23703440893396,724.914441435769,0.9742301839510817,84.55374379480313,0.5634574715852537,640.0699398744363,0.9709218975640905,282.8958523598348,1.7982947488971126
36,4.398662202216584,2.240633725940485,2.9420712150439083,4.919732521723104,2.298116986850453,1.4085422721314438,20.641091500786633,80.64314606230246,20.448843644696137,801.5763334189389,0.6399692571219326,77.81510111565235,17.358553981304546,631.3858685065208,0.7870934548897868,272.5012141457529,1.7757358941089465
37,8.342749257559397,2.889065486761662,0.16291028070831756,0.040172059151027804,3.3366724088798,4.094339676074172,25.027292718399853,103.34351560084534,28.223608057116834,500.3257457180709,0.5525026576645895,30.137799842170185,14.03294600803042,427.11590619153776,0.7860326227244365,256.16204317445136,0.39371365417907167
38,12.844343646283805,2.4906023326756985,0.22047500743700968,0.7312252455055422,7.423568879833198,3.685206392991482,16.50931143844459,30.326463031784904,38.79033007748587,273.4439958424314,0.8581471710352706,74.98161997675174,8.75082365663875,319.3243396748867,0.9610600129376659,202.5723483531702,0.6752036266526958
39,2.9443949710708583,3.6412653734957865,3.444887195811663,7.702153243087829,9.898039676238685,4.3628980962137565,22.507645559149733,74.33557221328621,5.589481436001547,737.1581752242162,0.9388549996126815,65.01880341963428,12.639692639183405,736.6429722534623,0.5102120221748011,238.47689894471836,1.065203962914649
40,16.079780912045326,2.7673819237556523,0.1948856805713118,2.9336872665412086,5.669537513640155,1.1284171798852638,12.633238216106355,52.09122049113055,20.31081768913314,202.3883119231513,0.9084824967667273,32.76733315112933,10.51406022826434,416.15845663071127,0.6929012425111983,252.2724602083796,0.0006920938475907668
41,9.711331158713854,3.6155108429531375,3.0280656485852435,4.542245809885338,7.565417490107876,1.7281536822907162,16.264602675100733,111.82389321572352,38.354258894247934,907.2182097650292,0.6569217919058,63.67495034555351,18.88129187373089,779.2113233769937,0.613753746921685,243.71285020282886,0.1810271802256682
42,13.319686176680852,3.346215467328819,2.958673483901494,9.902930209847263,3.6466198054062353,3.362516635932359,20.501776018775754,75.13101518916599,5.668675870579508,375.16727405395466,0.7814364722067819,49.20720172709361,1.5685808972541746,727.817894609217,0.6977426667328683,305.21506322984004,1.735462123543617
43,13.075447292880552,2.4969991755592758,0.3381237838247559,8.57720149741102,4.521924124034679,2.9442250823654015,17.46109016196153,43.77047355501399,1.3583026020553481,910.9022763294955,0.8352218726541984,55.48861227549461,3.575464967945426,320.0710048483843,0.6675183596796196,280.47886418316716,0.6387781864113572
44,15.481074754328084,2.9043856229022773,2.8604652646325905,5.739906790993679,8.26582101385603,1.19702852151217,13.811943760891355,23.017628440279072,2.266441280509197,725.5863258357625,0.5475958284747398,29.83699862053448,6.963445515555792,37.36432863520792,0.6030432253209973,154.53179473637027,1.511120125684535
45,3.924015350896547,2.115384112070328,1.1831793566353848,4.104038026246713,9.5042569865151,4.5761144263221265,11.860479160643143,65.16566949202041,15.289737357368312,562.2332454623519,0.5212646320871074,82.73660495186246,13.657967664544728,504.5504325361558,0.9589607996512792,236.86309944744144,0.21866484108287956
46,10.97964040540945,3.3852861357627186,0.8587035458834439,8.20854485605624,3.419444264183522,3.3677087824558525,25.87382814894709,36.384029490762046,32.367418073510485,760.2059965194394,0.8244482690586402,23.92339914927807,2.313257600553552,227.20557510507885,0.9340379226027216,112.09555847000442,0.8703834729387958
47,11.236214875149665,2.713472672598162,2.88168972941347,3.7723814805011306,6.331448414129145,4.950461678881121,1.7148453304270665,103.87587951297381,16.685847962551215,475.34181191312877,0.7003767257217035,38.456615708646375,9.852807478379216,518.3635246555052,0.5118924085106037,222.88692442960723,1.5465348147536593
48,8.131212939696633,2.252979590883026,3.9231055244503117,7.647931051061611,1.4690820873005346,2.864893432158881,11.320085605086566,86.34324690269194,18.162058369109054,835.313846611838,0.5112225326663479,29.620698593924608,15.196639263582778,596.7306331205152,0.6055361012180804,179.05779984748273,1.011060528680394
49,11.37739381820975,2.8274469878990844,2.034988027558128,8.713449362826752,4.344380624167499,4.495474914411917,6.40497597288994,34.67038256755086,17.182655040312337,242.5915945291747,0.5144973694692757,77.60772589689748,10.658377171474916,592.77885485477,0.7654423051267314,281.3999439132036,1.4207721114898944
50,3.5263676472866434,2.2725413109792836,0.5771136010408585,4.52085195387886,6.936525516324129,1.431527119371931,17.90243255461472,60.37396262159476,3.946364872976268,413.67184618779726,0.6097143804491215,28.01197362500978,17.973473395601665,563.2781987311004,0.987018443335401,99.09243036999979,1.8413732848823365
51,6.740421217757811,2.2740448676040876,0.7992682266156886,4.42553748592365,4.992745807663205,2.7556898196099344,28.107626073389238,48.53115583439234,17.685992530017923,520.1876913673933,0.5509295242554008,23.684185577534603,19.673070626641874,557.0492540829734,0.7116818389941142,183.41578433342048,1.073619173899085
52,15.842802471918482,3.010078909906561,1.9872892655962269,3.491387140509739,4.957199298063575,2.79864002863924,2.0847413253469176,94.87428801154223,22.501655211945348,299.2439031571072,0.7544902966876751,72.79256144445112,3.1580784633895953,459.9379563758665,0.9172212473016748,301.3759990531067,0.17526691729939206
53,18.61653091933246,3.3138978525483873,1.2554520420179631,4.281672673352686,7.485710959313278,2.848453132809554,16.894969251132416,82.98065262987366,18.127510261512224,877.7516387103947,0.771094464490049,40.44449029252057,13.584760812611306,529.0368189611329,0.618148819077473,226.65710969299468,0.3005143652978005
54,19.855276909213263,3.9559770612069456,3.01651110534193,2.770945029371665,9.213569939811029,3.9602878537187394,17.536538042316774,99.10033479070339,27.75328787942771,880.1267546387458,0.9348749693277743,76.31976917153033,1.5186397253443236,458.42071604901787,0.7385872960742931,132.69164814433606,1.6228831714570346
55,17.680789541094057,3.4365135168310457,2.527156586199107,0.11841368087751715,8.222182667852438,4.196144186063166,15.98268180331714,100.29267825128767,25.630184591782776,347.9234108809402,0.9412968998951663,49.65144668036821,2.6533297058615495,468.1728325415064,0.9657057534843978,193.5039234003186,0.8179137536359666
56,6.527427105422838,2.9793522233859475,3.950838656741667,6.084667920656855,2.4504477550422523,1.2423560525371709,14.304196671698529,92.087860516774,12.902901616702511,318.1066232404032,0.9784534484976919,41.012878136746025,5.087407109625976,647.1797769817291,0.8834353864044636,249.80867502629246,0.5981552859912259
57,18.729662810360466,3.102900852651902,0.9130688146965379,8.334400860532725,5.105651662075464,4.5056856764129405,10.38867934091863,48.0424221902286,9.031139680102262,747.9869069375504,0.571406365753818,24.826866151357116,5.786329160159243,332.3735699212878,0.7231225680440257,142.17845883906347,1.9111346673382654
58,5.085845291075391,2.695343367268015,0.21147958302243836,3.7120896911283268,2.6383233948918567,1.9884960068030861,22.39317808826057,100.59840334195006,24.904230269501117,688.8918729685518,0.5697896126681643,64.5413166166154,0.5309392468488185,131.9852279181398,0.7590600139968678,168.37660248603967,0.7493534901469864
59,14.149403451801525,3.7626330373318,1.5676826912508688,6.797916930176976,4.611231194668522,3.010356408250119,6.134317438161886,116.3237328009955,5.269132540212963,331.0035712073213,0.7850382687942019,89.82740079624129,9.239956460811298,792.4113207568898,0.556506456390168,199.38412550513436,0.9937241330060355
60,9.190494144177574,3.184253382406192,1.985235021836678,2.1841212276453352,3.616527885018209,1.3382187402614365,25.46099368267446,28.87796892814506,26.965074427060497,903.9028788855118,0.8467349324934175,83.64441873827722,6.330298507599786,748.1143725914335,0.7427025730672578,337.29393694664464,0.9017142986393782
61,13.279012559137755,3.5123929541221353,3.9985500542315706,5.691384315861161,8.95200601115734,1.0680589937790614,5.669160580478032,79.44745420683601,12.705875386177736,516.9015171831834,0.7275357618177853,85.69046039534936,11.199551635191462,240.4004316246003,0.8377238537454896,84.18022707686808,0.20147470781908183
62,9.222979711011229,3.8989779911690503,1.3843498062219792,0.9857987995411897,6.7488288357312,1.4465391373514533,12.903137781170328,66.37999644552471,30.515129522777016,842.8689130200872,0.7017237337704734,65.55832252371606,3.460417460088803,708.2404646001797,0.595993311078788,105.2004155047599,1.7405366261161654
63,16.110548233522383,3.7761320212235887,0.6966770904265794,8.5529569230767,7.751194814212129,3.577479301931359,24.866868210209333,104.01795225546802,19.44727250024235,412.93413877521647,0.5064483608456014,69.44098978232091,2.226359103037785,64.03677494459733,0.7719572876274243,264.55185396201915,0.3116111619089873
64,18.77920442329378,3.1703391910019763,2.0852773103806803,5.549562461918653,1.4003069897943177,2.291589168034754,27.06744502388669,92.76298458864099,8.851244582543883,696.1257851450262,0.8555796045391411,78.27541765490233,11.37485788045085,266.9885445648897,0.5453695321598854,101.05000147299226,1.1589812971479496
65,11.105292606259507,3.0215827828187076,1.753811790985557,2.5673777869327035,6.84582304807893,0.8899169789193802,23.735731880731578,78.30311446086826,30.734470433509458,340.7880541072292,0.9161864211774984,39.766659553487074,18.045524031695532,352.89549156066863,0.8896414668896693,347.24747926456376,1.8683371553949863
66,19.23142278801193,2.2891667564295743,1.106583393349458,0.6880265488429633,4.173726405905732,4.7846801267242975,2.3342910788153106,25.474432150464683,3.6615686218940318,484.24356614928826,0.5565617721732471,43.73070103615429,5.714024736360152,789.0418126469046,0.7402344072122908,328.53188114771865,1.0009711538727455
67,16.466171255501205,3.5947265593332336,0.11363241486007984,1.571420250951598,3.9257758110506367,4.767345246421869,19.59769613268672,62.032679998609694,4.040878295738612,571.7905316618653,0.6853551140881163,57.546574585228456,8.091360473904084,388.2597254511531,0.5767459743971696,211.38631366339172,0.16746074962798113
68,4.451768577421286,2.259730757265915,2.148529448114758,1.529273109604392,8.661780861037462,1.7905556858377787,9.130926249028365,44.8802846335321,25.89418307143277,238.11311238755565,0.8601878263768931,22.883925478056376,13.310554290516805,774.1635248521226,0.6632790404837452,297.7105946953132,1.8294457158732762
69,16.707338060627272,2.733710653973968,2.814204826086616,7.006217193965012,5.134187108698111,2.5789136026692785,2.1857633125325986,99.37089441774981,3.3637714171716793,559.7443297262735,0.6940672417012191,79.724273155617,19.270316100833487,117.04517121619953,0.9912279770812067,268.1821629893374,0.8787389091571285
70,17.742329046520297,3.6734167221302174,3.2587086803677257,3.3818696819646847,6.491003699570882,0.7904394027682191,29.97180926412323,26.119176726341088,11.869798424347511,325.68545350795256,0.5228269376719331,78.8787575646167,3.727771609952791,261.58499631913895,0.8390626023899976,110.81937069701551,0.9304867303512391
71,14.58545732318457,2.1970229095145886,2.3203360851704953,7.867132410286115,6.726321028250961,2.2837221322022,19.28492012799118,37.22391693545623,28.564011182125427,871.7078573200121,0.5125443446300644,66.72889896552302,4.097214805032434,187.1793209146029,0.8509904293068453,92.19463822835546,1.4974250419103257
72,16.339942504268443,3.97279668775493,1.4082775926778077,1.918135047782603,1.5304151598351172,0.6715100468826576,24.910768545049088,98.1652010701921,7.917542453282774,999.0433514583558,0.9917286161449066,86.22420288605225,12.38909616010586,140.79658039409705,0.653912060273672,75.68330011738935,1.9237081901360666
73,11.749769066233153,2.33479968582044,3.6279476385891165,9.23377533054455,7.816300565193278,2.0160719291793243,21.583636612640305,57.28281589587408,14.626498043602194,763.3411137005799,0.6552111744659819,36.09889332513487,4.844463550984301,207.49031698476853,0.9074853076288176,136.21300527418515,0.8468288451963013
74,17.881615157641317,3.657975777847889,0.5418517486668137,8.125309464877956,9.333613431837867,4.696976425966867,21.715288052480254,52.91247064135936,31.46006563797293,449.28205629626876,0.9610419748786012,25.244893471687604,18.61840274860753,662.3950779162577,0.8855890102047185,350.7111674026971,1.0581170422694577
75,19.61321713910837,3.621550996139767,3.3039342008995023,0.543260465479493,3.7367594119413985,2.505489511895866,20.88439076067745,53.861797285568166,1.6575655954424753,807.1392295979078,0.5780997468144302,51.156434735015246,11.574928413174497,607.4443781680022,0.5761656719985679,40.683263643227306,1.287456404218925
76,12.753309127166798,3.2846794985220034,3.608573912879035,2.403688478441019,1.7141954216563595,0.8926629035365092,5.904368618834446,59.91694285985468,19.849914027805983,647.3159331284456,0.9237973337919247,29.377715220623134,5.627644336690894,670.6441820223348,0.6995103700133676,24.92629855441641,1.6325775303704437
77,3.1132972049342267,2.1401928312423286,0.8471062217123665,5.07132294588549,5.787904240698188,3.340477192510259,17.21139960841414,54.49720739359111,34.187574043992754,632.9974780765494,0.8808534613967118,59.3407263488098,4.24260704025956,380.7007275749032,0.5827936580854839,255.25807947238928,1.7673393149670336
78,5.455508650774871,3.132808467796684,3.310767892971159,7.204765816300547,8.892919218278703,2.6669325383218734,26.525283089967928,49.20569698270887,35.21206292212774,452.4998827854904,0.51608353474095,27.67786179182619,13.772350327412294,358.60635886316487,0.5439540291417935,21.89357345482958,1.4126511768382297
79,11.716291058697196,3.441614179636013,3.15335252750396,5.581714576250347,3.578427484809474,2.427605992341503,11.659444098451981,27.522568375482745,19.314077864491985,777.6070258911566,0.5176486686631357,52.505687669515005,19.950052600274056,597.6881412009213,0.6276496472975573,119.98964495239306,0.13508217631580868
80,12.3966215407748,2.579682915803005,3.1429234374997517,8.680880945100283,2.530681711274913,0.8197894213051922,11.76875562490256,72.32479416792481,29.191611277747775,988.3968273821217,0.7345035566951592,73.68973136099196,17.82451202825365,169.72793464140713,0.8316816975010333,342.46132537500597,0.49940647002933125
81,10.156799748981268,3.034911776811149,2.1348632584155114,2.813952172938744,6.485412069837691,0.9138922838532382,28.74591156749507,89.92046651807458,27.164979236001354,539.698194909608,0.9849616975980267,75.86426029869978,2.5999003734048447,449.4725855829129,0.953339032271949,316.12075199133926,0.7300795162085153
82,2.3299674939997357,2.853303068434694,0.5731616769681873,4.607954471397557,6.4119119779508775,1.4977045760043681,24.330909342092088,88.73729242122202,10.361724561465573,355.08805508902503,0.8853840535136492,47.965645550420895,14.842115161231195,367.7789758359987,0.5219489424355486,23.306522173118726,0.7996691232843184
83,7.866581829961509,2.6419783039757654,3.613360234610886,0.18472649538014518,6.055818719755564,3.101768474571806,7.811297130169512,46.3430146630958,38.494953769642414,981.1711867139566,0.696952932618809,53.33711252181073,15.918536949882258,73.05189845131288,0.9159677325994833,13.45141176555734,1.5884550631156806
84,2.07483905212728,3.7882646077784514,2.4231385256593803,5.516043774714783,3.8471106672326467,0.6089623980236313,7.653276434569637,83.69866271808684,31.000419879561996,728.1081563301929,0.9034209765536811,73.35991625254303,19.558799818021924,375.6445982160761,0.8973418624101268,98.09326563418307,1.1427797166995466
85,8.600296717833597,2.405243541212656,0.006041339237166165,5.451749563448061,6.8723559450850455,2.823708441080274,23.957292299554894,66.29099927662965,16.081589304978177,831.1283344284827,0.7410983845343151,61.95664440775637,2.1309263100121685,750.9044155079691,0.658818703126459,0.1674587670901592,0.22108819809391875
86,8.043977374084202,2.515465815724506,3.895724170786258,3.9138759800263134,6.586899919815594,2.735081569155464,17.29725881710888,55.569805844582305,8.249325958248445,283.983168111822,0.9650367433682105,35.49114356530677,0.8981250653061451,679.9329212183338,0.7283224910399779,173.05635901640034,1.8616765510274533
87,19.55157903856937,3.6995827559180725,1.8753194439517238,5.330833899215412,8.011857877617086,3.40346788506893,2.783548880167065,90.89781395450314,14.204452584829838,274.9384940567616,0.9122165010246461,75.33704357537815,5.045273978749285,157.18162120918592,0.9085709377418567,247.9040228326036,0.6288473336303172
88,19.460697816174626,3.637949735231404,1.1985570502365765,4.238843492010508,3.6885249270015468,1.7595646515703494,22.290803627527144,94.22927246158399,14.458028108981097,887.6468969343068,0.859705657340112,76.19943741453174,2.1943147120186284,651.5359696202172,0.7766112276073234,205.00503217197735,1.5663238764152498
89,5.9499154188311145,2.2996930671988327,2.8958840206115752,1.1572702827192327,1.5790015066377316,0.985663104275752,8.36437206042639,111.31284058309073,22.962007843084645,424.71387159262594,0.6879194510722937,58.073449120257244,14.767746872774392,86.59154934126518,0.983799274566369,259.93738811760784,1.8027054773294144
90,7.7448718980461075,3.7421969525861636,2.5836095797683534,1.3245090336642211,7.453361771781397,4.830938334714579,14.40422926036684,33.84839955545982,31.606369574972014,968.971672644449,0.6802247754246609,67.53672799594767,14.310214554782796,757.4331696422732,0.8443913749409546,262.6252053321146,1.9877458540425277
91,17.053312041674577,3.043711186986687,3.0490354739582224,6.028320917581129,9.858582998084826,0.8650930983237537,7.091995261344003,93.11429797172447,35.62659716726249,773.1501029102751,0.6107560919547285,44.371226054185485,17.512169805157047,126.39893819946634,0.8011569456919116,295.8685779801758,0.3377981615957924
92,10.867455467585561,2.480659024606759,0.8975893465670087,4.345967537660672,3.506827039235982,2.7006345755305103,26.668530254267857,66.94870794824638,17.55769025591359,787.1321284062698,0.8151972571814501,78.3752544591577,12.049310119638058,252.28480510694428,0.9457281449087493,298.87220706475864,1.8156600344734286
93,12.357088577662722,2.776012118928267,0.9512161550224422,2.8764899528465633,4.364986639882833,3.1539208667284795,18.776684613176666,58.11444909630465,12.188771612319236,637.0893048205762,0.5404937051866234,58.66925527296309,8.628566117935538,142.470588976856,0.5903703023286535,51.31564789613955,0.6488826500737751
94,5.775184194937702,3.120867623812258,0.524737017626921,7.932061959836046,7.005584816122647,2.1022132933535493,15.184655924785412,100.73070840566385,2.0909584855439873,919.0440954697369,0.7724288633745258,48.239458184583455,17.692405646787137,560.0917580679824,0.7672004598264273,219.46299799819673,1.2946158733924675
95,2.790374978631999,2.6081709733640603,2.561577123203959,9.49736179443061,8.606113509920192,2.0484253416974028,5.100067002630141,21.01414182345014,27.236217950436796,526.6234551213681,0.7437810380236274,40.291419406955825,16.802765561253167,50.00048412171271,0.6003755975246288,218.8377121850662,1.1299919245338772
96,17.129590227832775,2.312580877022239,3.123954677554754,6.268816841887233,1.276908005366154,4.06784284314721,23.285986668296808,61.93636293439038,35.07541418931804,952.3480035040394,0.7380860732145715,84.08834579529076,6.782477190325685,432.35213512104735,0.559430351283537,270.81674432807085,1.8565493170793057
97,9.49714290670078,3.27144185556029,3.173854120996115,7.321594169226704,5.238553214205985,0.9396714812576088,10.010782867422948,89.5495861061878,33.82658859504689,563.5089291986035,0.7777485594719011,39.88167469350446,2.721668636247699,124.21578863586429,0.6418391488051247,354.62105393589155,0.7703072713943817
98,16.421764893998795,3.2651871710499556,0.4989503350404144,9.70807024740132,5.172073193730725,2.601744975924293,16.823483442453586,22.874328828136804,1.965869239168495,663.4572007939393,0.6932036046500598,32.281199874824445,3.4677316341643314,0.8156544161753851,0.5394415142086242,198.24297427674944,1.2326076703213091
99,14.376121028339087,2.8114756490611574,0.6907719506274999,3.73555607337499,9.282445532251149,2.304932690583918,15.375006299975103,77.45217206621098,13.85660563551004,408.38940080388363,0.63765541773756,81.65704590284093,19.882724494549255,534.425013814386,0.9724331797811917,44.18350360565687,0.94976621023798
100,10.568841799027808,2.1472322230611134,2.2853742568823656,0.5270161953202063,2.801161827446541,2.122189788809912,3.167700638740375,107.93544441641292,29.52725378452201,816.9400184908735,0.7739047116314215,53.903852770669296,11.07786803230412,604.0858243244738,0.646631529369004,145.64897613865776,0.23064789107677267
101,18.16685569887397,3.6306845194692903,2.3807175230563113,6.889972965100112,1.6063576428925113,0.9338176399063455,24.733353878070382,61.65980863123265,16.457359154104058,850.3537866740352,0.8695473819665962,75.64602702305393,14.071033324718849,30.039354108438506,0.6239048381498763,17.918214730874602,0.2726401101323363
102,12.952223343451497,3.4254414024927753,1.6059220885583698,1.6213722606930845,1.9443472842893774,0.8026070945569889,10.81012234744622,77.9174105890801,24.68363633133457,809.3324472002022,0.6506979521262792,56.59179283662839,12.815193549020297,602.1637757033869,0.8098721780259843,306.4845475316916,0.6844769858901136
103,7.918927060476931,2.1905550594156633,1.151896426729677,2.969086590407411,2.097093958262147,4.221543885393497,19.923865562805823,59.485208345914316,20.58371354399544,977.1686895677539,0.6534748278131615,28.177322076195694,14.389319342184967,298.8030894521034,0.6848002919759593,278.5568875293819,1.2487704384291947
104,13.131430453434643,3.6052821961110344,2.29600775761771,6.148433860634292,9.250630834318681,2.4552588139818496,6.424227681427784,20.695410346309668,26.46686211912323,302.3951550675028,0.5747139474886773,54.88698956605888,16.216498430126926,703.2892070853285,0.5029557942107216,138.59926403924055,0.5287107947114026
105,6.316275860465811,2.3740891263516737,3.556893473396108,7.463753047738077,5.718834028706528,3.4157515316155163,15.814641501340736,107.17165730768289,5.020428918540701,861.8065733324148,0.8091605422651178,61.53045384236449,7.3485912399891395,312.85735705620476,0.9823496511744834,27.58405777410545,1.0995448949694313
106,8.842747194801586,2.529383382248207,3.460729912091649,7.412123781143224,2.8760500938745928,4.290175532433284,4.844304496457567,105.98642459681892,26.608246639109375,812.6910656314141,0.6429670841995518,70.78682268161504,6.562357498494171,503.6868381672794,0.6489114288525079,224.3788383121931,1.8773409194807542
107,14.643170552064577,2.0213807294535195,3.755643547928437,1.7973188854188435,2.060058292148504,2.155750116749387,1.4361696338407068,50.984176542749616,39.42791727379986,590.7448738893086,0.8508772254240808,68.04069330602803,15.845143448778758,728.277236727012,0.7015586464825557,267.2528016663167,0.6249712355080114
108,16.835046897133118,3.734245337010435,0.44389759143157625,2.37727475164101,4.005544206613193,1.6069430190604779,15.721215565631487,37.72307112544806,33.123370398870904,225.95586126934964,0.5366861706018015,77.38359573814441,17.422892918488287,100.14196901129226,0.6365980067187454,286.5229303646892,1.3777464488621136
109,5.1468821981144295,2.1043575441561244,0.664369595222698,7.808847961965798,4.973732407557196,4.1683426795970435,3.3837837850389754,85.50473794331629,11.12406728399735,834.6067412037963,0.6590342911842182,63.31015744954875,11.718638485224144,634.8474867127833,0.7159271515184797,194.9018483680967,0.646291791311042
110,10.31687809337649,3.5830868930457305,3.7667212453359054,8.294867690175646,9.031649247660747,1.5506850122057945,28.656117802640857,48.90035430084207,36.625248565624055,208.848219204513,0.6280836177829828,64.61874473717958,9.142777921011717,581.4496183265626,0.9385157735107472,213.3352560253958,1.6437057088990839
111,11.27734088820403,2.9588494733410817,1.5332850626038594,4.022972589224002,5.990737256438027,4.4867576681423005,17.06497741878302,64.17651110780477,23.600059270608842,945.8839177146166,0.707911299681792,87.44975573814418,5.839061229131895,253.5948774317788,0.7113336327203538,65.61191215467137,1.998338921781829
112,7.22791725933287,2.406813372669494,0.8897440315765028,7.536323441343931,6.446918774345623,3.1602918214252522,29.08406884723129,73.80664011579981,33.42360186987496,798.0668425273387,0.9802313165298123,42.598754095192035,19.75158986473205,349.17412058325795,0.7186705281075254,176.1607235969763,0.779125590445719
113,12.491283151422245,3.3935199820850244,0.6243566506734588,9.027171009337348,9.704479147566726,1.651615753796558,13.241140522352874,51.04099416327114,17.837970904764692,533.7578688842461,0.6171233781254268,81.18937301330976,9.647881314286087,539.310738167562,0.7792296900800302,195.92638641578588,0.48449074230541955
114,16.34033776403464,2.2802996987527133,3.118052684880704,7.243938351484949,7.981002964767639,4.67110157141053,26.143703042532874,78.44731417052958,28.96984404434172,926.9652680016475,0.8068790469691417,70.21122587233683,8.465618035915126,20.80035583865902,0.5014214873891931,232.31036413904357,1.5293964157014295
115,6.093168020047925,3.889239971361866,0.8296316289330026,8.31078441468144,9.46625610588521,3.993326458107111,5.63466587046444,31.220728275688305,15.891967492933661,399.55834273785814,0.9889950162112111,52.308470190661396,15.518703218745053,689.7394319742941,0.6817615910693375,307.7490916141521,0.9586453053671233
116,18.04413601947777,3.7824033223828026,2.6491293311095436,9.369448382692857,5.836093555223581,4.837577283172749,4.6204002932011985,67.40837911199843,26.396112876216073,470.01089926780094,0.8201507128140019,68.94792772778227,5.328501571696024,316.0587732669108,0.6806361635023563,38.08863845656751,0.9394973778139156
117,9.068411616738013,3.353211911915176,3.385459576058334,5.159036112404048,5.056474214707362,1.8745371472544996,4.102006780492873,59.164186758454385,19.085417044415337,294.9785850542373,0.5493614646445892,45.65068314932905,8.008125653834048,200.22526122564622,0.7960962762886933,133.2894111903726,1.3448105821694967
118,5.319606118112548,2.996542107251072,2.397076051460453,5.8176864201167975,9.059880507359619,1.6778809793967162,7.562266322305969,42.21456341632605,22.700879012015744,456.8185076203205,0.7532690088179519,50.13850631661535,1.8027535833318495,164.6715711077258,0.5617845233342399,287.3293683641222,0.04011764674898313
119,16.029388604209828,2.634906689972734,3.542703154144818,3.804143030283637,4.280191438471737,3.9051703058386753,19.124564421724717,83.6110682344512,3.0200141473312883,525.2759888596283,0.906060706411113,22.036309730225994,4.646588168644716,338.29843528641896,0.5699496051630207,355.924926629362,0.02727163503543208
120,9.262720570753757,3.475419663156175,2.7043642943603543,1.8367989349547278,8.507458844187422,3.0485117515487996,29.889906481861892,96.2521198030961,34.9794841140022,677.9614314217959,0.748203730199064,59.95248126063474,2.9612898788148163,584.0310660116688,0.5549773339423464,276.751017851396,0.7807119648090107
121,16.55645349555943,2.3727594616625796,0.2951236926810007,1.287349394949523,3.005211745339152,1.539603815968192,3.0045815807879555,42.721903025707334,36.70336267999446,611.7736474759522,0.9860716656684354,89.4109467537405,13.684354637965265,224.54957381041956,0.9056263063077864,353.23946430993954,1.2680795167987096
122,11.933913124483542,3.7962666401681098,1.2161558298769461,7.939966015980699,1.0942406826741653,1.7032225543005315,6.926702511429954,88.41840484965914,30.86712185793774,959.212652178015,0.6256276259017827,42.989960108727885,4.743096012887886,55.99313386586338,0.679362156371461,232.09951229481277,1.7043879694064124
123,17.301846982821708,2.0702702872149374,3.2856729699713587,1.7430787114873312,8.074824472379657,2.0393583370448907,13.033419045530898,44.288457527089875,5.418399244038181,454.99221540345434,0.7051324735755418,71.95578011736885,1.9504030230543794,754.2625494425768,0.8482737369806629,272.8706336565965,0.3179098999884058
124,17.576266039553264,3.9908770053198843,2.8071556878509285,5.249113257003315,1.833629486194238,0.9739763117579493,21.33588368826889,99.72069770301074,12.478971829135636,668.9606860594622,0.6755384768518424,85.33122034693068,3.328130114368029,790.4110514885001,0.8228655676640397,320.93480300129943,1.4800900000425008
125,19.673103714559865,3.0636173707957908,3.968308243309491,7.764094987864828,5.829910603854827,1.903440750085906,9.858630573801769,97.25119941709926,22.891464185918437,824.7437739320117,0.58775811549899,67.80054318937768,1.7905643156745652,421.30231968389154,0.7994630145086108,225.238772760656,1.0415917322183186
126,7.055180949161421,2.0497530106579247,1.1356179659005212,9.083635368849393,2.5912688947737346,2.6580537456443976,25.363463215143966,35.21076520335592,9.732533998506884,982.0839456154731,0.9470348118515104,53.6672309444528,1.2019553303239205,478.16881770816053,0.9807575445133083,156.00268855080486,1.5850892664827843
127,7.001654482333432,3.523368554918804,0.8142163534499515,6.864560813958997,1.3770961445785046,2.3163035226842323,8.65310055132224,82.55972611074213,14.837752139776326,948.6182480974034,0.665386422540016,26.00977403662506,13.199509197929464,81.4824330293542,0.9569260655770002,349.58780281848345,0.9141341179260826
128,2.2696811392534686,3.5746215109878023,1.0594576712832284,1.9860226687641334,9.546738756969091,2.540553929712824,21.98503136890973,106.92570124666756,9.813714983662587,938.7134493634585,0.9451442459597106,28.59075572407231,8.684703193270606,673.129160076749,0.8772727777139098,63.90759037628966,0.5652060020450593
129,5.657167294679239,2.5506077765513666,2.183827003302668,4.893336500234279,7.639021441228267,3.121659901046263,20.263328395591476,87.10755260830571,12.958496924141006,363.00283755078607,0.9580788775591935,46.52417745346706,14.19657194683629,638.0595102696809,0.7899150376459225,293.5602816763458,0.5015088977272116
130,14.954986393832268,3.2590872076187076,1.7100989519167162,6.67703630564092,3.0987622380349604,4.210698052187942,10.355819601441919,65.59941680265435,13.412912466149638,582.4888572217019,0.5288542788992384,22.13108887070888,0.7958355762358125,693.2734913946799,0.5568649173659033,252.8676108094264,0.19415050863640404
131,18.5598053725885,3.8332497873112388,3.2469082933875018,2.0346651708534633,4.8768307390799865,4.856344395950702,24.16913788636068,35.64618105071501,0.9859142602081814,315.09995999871904,0.9371816914940192,24.250504571244697,14.236713039800751,574.3185623766698,0.8306746556643221,59.48627777601837,0.372205997455526
132,18.409541986803426,2.0326930911150067,3.528675625093981,2.4837838047176857,9.0801910299572,2.139458645479997,29.299224121494614,105.36230063292551,5.072048427635847,711.4451784931476,0.9115772321521305,25.050852722551564,13.431927213705912,398.9125093035896,0.6390944380890629,18.80505196188092,0.4160172716464503
133,9.93023397167222,2.9121751157938705,0.9289307969876507,9.161836729067769,8.081206652441903,3.7926005228159836,22.829476100537285,39.796079079322126,37.72452949009777,704.7434921184577,0.5366323918827614,60.83406155703567,6.717592701302051,566.0402621895154,0.7621968340300331,134.45393898193876,1.6070466214233285
134,12.982298394058546,3.5598767625270704,3.8878760752498027,3.0265745586071806,5.536157053827957,4.6125036850053585,27.185043223768396,108.39247755761404,21.115183415276565,896.0315590291269,0.8464304636556061,73.95786351485044,5.192368424018521,286.85322528119417,0.782318033088605,144.2672424491476,1.823292159283146
135,3.1980704807382745,3.731824391404059,3.7165880365121855,6.734115316082903,4.758367387831214,0.5921285099177477,6.600431824613213,38.63598338106897,35.943236872822446,271.17224872693447,0.7599219603244255,68.63462455922655,11.98740708556264,710.0927989619133,0.9358612547438098,125.49227794370952,1.4031529178062419
136,2.722290938495366,2.220345285354963,0.6447299085545182,9.645434158782063,6.638919406168939,4.562336232416397,28.00360526240406,115.63940813565975,21.50418867163705,433.08462716216377,0.7849789539970882,80.4643200472101,9.040373329040513,220.8752645552332,0.6187450724501126,346.5296185222692,1.3964308844816669
137,8.289280449566492,2.5101535657690373,3.823577564341809,7.047763638729557,8.304159306834423,0.5507754108545809,23.55887417903061,71.2031261080329,39.64396489031274,211.57284886296273,0.8707787220830632,57.1532135649723,11.607618383962905,292.4689879039433,0.8262477370000718,333.119015358977,1.2376094946587743
138,10.222211225321052,3.5166435393439843,1.6671184413688789,8.610131015748868,8.683544811211245,3.4846046111578803,20.203172712066376,74.75266391701359,17.000048369678428,745.7599899555912,0.9495823756052055,39.440445637423636,19.16837856340344,473.1703977821784,0.6871084454743867,336.19656397109657,1.2065480760609897
139,15.772415777233721,2.6877850634943203,1.8042708501531608,7.337058242949568,8.719643651836051,2.6208748497923238,1.1562536435764914,25.214028761092784,29.992036436872954,248.61116125390953,0.9071592005980442,41.8844849072132,18.800492089897325,634.3462413205988,0.5484319307979449,16.387509868185774,0.04980951641273807
140,6.895468562439116,3.8779854179598368,2.848940603497381,7.098213352023225,1.3004159043354386,1.1695444807737418,25.23015262947187,107.55605358527365,8.582293762075622,884.226489577992,0.600881592305908,45.00040037549526,17.32593068694344,107.13911619484048,0.6912877426928925,45.77833786990068,0.1058254519897529
141,4.012102630488582,2.5263089812431914,2.7641082632924743,2.7595541397359846,8.246367578134498,1.47343380331329,25.07105150864346,105.1799292427552,10.761891106390532,245.12142750570976,0.9903197674513604,79.31186419244301,2.907392770018494,668.0358918306173,0.6962189015279643,7.2816660558954664,1.0880842705090181
142,10.013826759140297,2.9350970624771713,1.0080369097446351,0.945440054330236,7.955800916730438,1.3968961849813533,19.06036024657361,57.695320783417245,25.79013003499286,291.6684494659882,0.8108665066648115,35.85126221623302,13.101870578565784,383.4069968581823,0.9197216006033389,242.83949131799864,1.2258389022603786
143,3.335856279968673,3.2129542986573365,0.5172120493348219,7.145302818249782,6.379098260926212,4.9672211461540146,15.513709758568929,71.93571894726298,38.238334609197565,682.5451027183299,0.646101775339615,71.31465519460963,3.233190289599092,438.3611081920351,0.7705765024509686,358.1166140082798,0.45862932123768885
144,11.343316979623458,3.4077246924253273,2.8738510596996485,5.629730912106715,1.4358485127042877,1.7675661517413914,11.526231847838577,29.960981961814888,37.1892857866976,538.0472301989735,0.5969957116448786,63.13548797872713,15.311151116615383,277.36751476793546,0.8243453050970866,240.89485869365416,0.40328335013013383
145,8.711463317585778,3.540192929088139,3.733073660389561,6.818017403957144,9.925355037877177,4.106127593938334,14.764967101212862,118.0946327798995,15.697652558889612,513.468458176581,0.7109152773502236,36.4713674023704,4.134983189382136,704.3866900758223,0.6582272450294044,270.4429852552249,0.978977230608331
146,17.600165857856727,2.592367333949074,1.8309659565620733,0.8845817316342831,6.116257234895058,4.536403059532102,10.52354003010807,56.390123027887924,4.877894202343013,473.0980749929745,0.6600276979806186,50.67226234314374,5.562323945024435,84.33981606396776,0.5409764089682988,93.42058425509173,0.5536322950534813
147,9.764457123132118,3.8085276297545203,3.8663910286214085,9.625982178837413,2.939733893470704,0.6520534381341474,19.73172528025241,64.86925452078279,38.07833239526833,692.5552840619604,0.9722366133516693,34.104820298843336,17.747767905581796,210.5872541122513,0.6764882265333951,42.1355337940236,0.46253252582788923
148,15.26325528760055,2.931867288133692,3.2756883324186035,0.6108122317581149,4.65007189044376,3.440653327149477,2.049540788520413,61.25329371014818,27.987735093572297,378.1358936906351,0.6624325544688013,49.43627869985032,4.8798886510141175,724.8868607208535,0.6474186734929661,136.53793218159691,0.24314463542572917
149,6.839642716156785,3.392829569967917,1.5087005060978012,4.590022414240612,9.423388200439167,0.6422581973485119,3.773813697530681,74.0386167708462,5.890768886237387,717.3263169322795,0.5578810005077963,69.20108234711373,3.636922629586548,745.3678824708164,0.5802082463224643,106.03710773960472,0.05534468138999295
150,13.69332604750795,2.5696640880026607,1.0378705917474984,3.604258345339062,1.666493796055137,3.7279073605109057,3.03067075160128,80.82729588699453,33.038768843863465,505.44353697900124,0.8261231791004915,68.41339407727929,14.495956823793987,91.00597735786805,0.8717462122830277,356.9186811950192,1.4893227157175442
151,5.811914534369137,3.8220644083112623,2.6929343478227725,0.8552735129453364,3.862263656581899,0.8527501959585462,4.4372353524978045,90.48759407098937,10.117925865382478,480.73476755202057,0.6739605451670557,73.13691060056377,11.526442209665333,77.2946248182321,0.783590219885529,151.95039288162792,0.15634867592676915
152,4.747568797599227,2.2118859105410276,2.1151286867500128,2.295652408486641,9.102597244424278,2.4857031305775816,26.10487495359442,119.10798361107544,21.960837337463804,713.9015455227636,0.9365362325474919,56.820215730442214,10.681377020089638,338.76854914303783,0.6287236508884197,202.0433833813621,0.4270443584892577
153,2.4858587462657966,3.7066552281879894,3.1940317660938566,8.759052679632209,7.355810310280485,1.0961765358768,18.402322694815705,55.25388388327027,0.6859771808612635,847.8229189173974,0.877049013036838,57.81171443926407,9.454945618868413,181.81346838053258,0.5354700273035155,337.74139889018727,1.3930077561529133
154,12.644962236115843,3.996359005136554,2.311563021511149,0.39200482129251546,3.5442177478334878,3.714790091753803,1.27063723130018,41.64911392409975,10.578954902754967,731.9624588203028,0.9992612212751235,21.841820764478015,6.419743799888483,658.7218419379425,0.5615156563780029,339.8973481552276,0.16420313044893808
155,5.997206378479165,2.4789102381986075,1.7935821996931365,6.4399974998659895,8.64585438637038,3.257788800915894,18.355430384787276,102.37299330150194,10.438902235810827,585.3636801722407,0.871878416221322,49.15177688556965,7.417371704337068,627.7835309541447,0.9623594884343699,151.9783185326975,0.2898902800404807
156,3.692928421490563,3.054292608074168,1.5465185414870624,4.651367153748074,4.863446907297705,3.623238937514797,27.586239446878068,47.93613510036797,37.769288295830094,625.0970231312583,0.8973117361626437,66.52018675181205,16.13422735672588,342.87592271859813,0.542259307284673,52.68145379183257,0.4363971701078841
157,11.488262849302417,3.403087481325996,1.8474034348580681,8.02358003216641,9.74607166080255,3.605645631961035,13.5164930090776,51.89532245450347,22.215954014129657,818.9848958742548,0.6366469627262719,49.97944064572302,11.814204567113052,496.9119362342664,0.8273243543065204,299.5624811116348,1.1355939113686768
158,15.921846218298823,2.6238720362428465,0.23790577053183484,5.343037221819033,7.744601986810561,2.913114715995827,19.190058268889697,36.25861614480793,37.35334765033335,329.38013126791316,0.8909599385876997,20.751353526424076,19.035585074381903,257.38073827452143,0.5650681713944002,169.07625625590282,1.3633289958285155
159,17.939686104381213,2.9921867852883732,2.776492347648361,0.00940745923470261,7.106249702577842,0.5721935525110985,18.233077140660033,119.7104876538273,16.394452579523772,638.9245475704304,0.7096951784916291,87.75908855433751,0.361242200603952,522.7165921736062,0.7458416314444253,4.273093091178939,1.018473561870437
160,7.573306743736406,3.0169930188142695,1.2296518941176513,1.820210164950278,2.408772692207238,1.9431635131123652,27.22870831010089,69.29000847775661,22.653741094211387,595.5873340660409,0.7186973662954006,40.92632149786935,10.855559623786368,733.7365229437199,0.7045859601752841,279.8745832766093,1.6849387893569778
161,19.75292872873658,2.8418488282272687,2.2473559972221024,6.701932760966665,5.940080882938949,3.7461732616379386,13.305706512389284,67.75387934919917,14.322298790616358,640.6506887294381,0.8744341051032771,35.00808630870662,17.599049772599177,136.83864630441846,0.6262780934891744,344.73363478185064,1.2553118433175936
162,4.216941504032518,2.87714910935017,0.9663984732008063,2.726771483447814,2.1412938869418374,2.072799313062547,20.961118279673332,91.98090992940915,7.452535682874734,489.96311342510074,0.735820262562416,33.53184372083372,1.3100090410447576,214.56340364315278,0.5136115448322814,148.39633973210414,1.162759283953463
163,7.682652911771304,2.005144725656011,2.518745318916946,1.8928702124718328,6.25731277288578,4.326206344202443,9.309735637375383,63.41074855522763,22.363383710585076,434.71439064791116,0.5892079057936035,44.14940420530654,16.36383200311953,532.722715382497,0.8620056983960964,68.95108467300888,1.1947240557693084
164,13.48686326709052,2.793208468375809,0.14042399417177184,5.049500846599194,3.2031187667516123,4.982652435729628,10.146735697808689,76.73905432778142,28.084504282795194,630.3741041628638,0.722408733655419,33.09243350452649,18.710380107874194,244.97507437889482,0.6524552108273134,240.11526615197556,0.6716984352723028
165,9.591613227037923,2.3490821090090543,1.130472883906259,6.255728104983616,1.998246151175616,4.440889464371049,22.25059295574908,110.02203797704095,39.81671975041944,930.8744147760119,0.8039677635478213,20.64487976033429,16.441224948994382,350.0562544820913,0.5483259894570657,323.95630062259977,0.346468574796586
166,4.120119136885613,2.0376950736679733,3.3263666765039095,0.3637252550573819,3.762021434347894,4.880429191626458,15.632741766392073,68.95573175288621,30.644065383719287,588.7578699324963,0.9878538111890817,31.35742801692131,5.9420173227041575,781.5094558895394,0.7779068412869528,182.541529825359,0.8358855064637845
167,4.9181946829703485,3.651938306240817,2.9125688204395646,4.838149415514399,3.136232248650733,4.9125258688375215,17.785442363492013,52.650004420953465,7.2613121168538965,853.0412243559707,0.895687500635842,87.13497071030044,7.721332185890971,130.4982496222063,0.7813811937223056,333.9114584137826,0.8993143729667267
168,7.806036576951721,2.1563887972649387,2.756386039895626,8.14904938999867,4.797437956327122,3.214759861973331,8.98868926984232,37.58163328360055,6.809490199845211,991.7239211742342,0.5327785509319928,76.72938706851048,12.690543781845935,6.87768922275506,0.8647805723363768,174.95538016123447,1.6351406591404243
169,10.09986597991643,2.089912249208751,2.4036621519202193,3.275604691028842,8.042882443092678,3.273324212900019,16.67083075752336,69.37373584200458,39.48694768309692,576.6780611748825,0.8496512726396803,62.406686944441034,16.283028203199795,23.340011096333026,0.846578821378117,99.9703058900778,1.6733757232562272
170,3.8997974205106627,3.9308673412846042,1.9254726217113454,0.4369710577692035,4.503432271321053,3.877474346194468,1.3069155989820016,71.33538750667131,32.18901508882209,222.27365472654986,0.7491150715547756,34.32751704648232,2.0386726785597196,755.0054122914155,0.8339211823002286,292.5612788505014,0.011382750688402814
171,5.841428949008222,3.174136931904191,1.4557946579361856,9.846594501007123,7.579259401425576,3.3096777680511305,5.2901659303552835,20.637174949181976,11.49003318379336,957.3061399803058,0.5859331677049209,74.59401042863371,6.1658620419626615,88.14836977321971,0.8591024655189141,161.43787009523345,1.9170124122784058
172,2.5693748330909076,2.0544923276915523,0.8792373853494555,7.839292392779138,9.231740088743827,1.1103855505497409,3.8451783257564496,45.37941651714479,26.900145121633898,994.4639415530323,0.7180468391389156,71.03686392022772,3.0341213122606243,266.1870725908099,0.7557617968746604,78.70167514106609,1.9682866135183161
173,19.113618140577998,3.366446711635909,2.3405099583782043,3.408317946991751,8.37935163394006,1.613121949177283,6.850813410531935,46.20802514194171,0.8684997852977552,674.8560481700458,0.975311736510458,20.44548118398466,9.90565598905992,764.1504329427518,0.743800489151625,332.30276734639034,0.6912249334574128
174,15.500235058729364,3.24071813508701,1.3210782437288975,6.210431483138001,1.5693105422680231,4.132517222361114,22.71063358592078,98.79110523482663,25.20575581727417,214.53557854400282,0.7963849202178828,31.43960221222457,1.6072682119919357,454.75042196000254,0.6036831539093331,67.01332018316418,1.615244811612951
175,14.188822092013497,3.23164293428358,0.28878490073043384,0.21849060178856086,5.2274577358816305,0.9594708763239721,4.546747940540805,114.0160802261394,6.355359529103849,546.0679933434137,0.8794445676074027,26.773264351053705,18.311666395982403,17.51083568248156,0.7609932311347625,129.53869262322624,0.724167254760501
176,19.348820605298243,2.329949318828015,2.049720945503855,1.4185419101720727,6.768244787240841,1.7354038417080462,27.529001242242387,54.10508605988105,6.939131016745778,804.21951522826,0.8752616512139257,80.22298528230974,15.561246585614096,618.3511390525108,0.8867545704955486,266.3040239245771,0.8464301208383119
177,9.886841856669076,2.6474422725719964,2.2275579136583055,3.518608617252897,3.473237978747804,2.996949472302318,5.163661381945253,65.89104399137287,13.992805592677101,865.3573712119569,0.9259385639783854,57.61810949594717,4.72074008429301,3.0650283694442013,0.8106757139182185,91.40743945107585,0.9835518892091524
178,2.363729820731799,2.708765058177355,2.6286203953948295,3.3416247961023022,7.887727788787884,3.8455304125302527,25.699943299962076,88.24652756696702,8.713005834124754,254.21651585467734,0.7656328156783856,24.59450485740188,8.219479647969782,269.54909724998487,0.8577913761136524,326.97490561158895,0.7627208399488464
179,3.4833448447983377,3.9059788436881693,2.483031866395596,3.8516891828905027,3.347519309799082,2.923565514476396,3.3094715511785497,21.354314226269423,11.388992098901786,994.7921548811065,0.579449673527067,74.74763158575401,18.577472110503393,328.6920536818892,0.8205584706812483,191.51916522486897,0.37541674944043957
180,4.973925906696517,2.7940838506440207,0.7246105270351577,8.081593924845064,7.221040262226445,4.814830617391375,10.89316956300105,34.55723313785344,31.327262524432076,962.6355033006672,0.7426171148991791,54.57519254906643,12.328194804959487,112.2215978243485,0.7073408835675422,8.38396363647818,1.1076061663612398
181,12.711342279619775,2.3149431000157126,1.3633102715510481,3.68073699506055,5.296523412959744,2.4753630206637673,24.48035346575966,73.10074067060928,30.190528225756637,773.4812511222515,0.5461833896799771,41.309021473878545,6.526201360868241,624.2881539609696,0.8902533087277847,108.94473105060561,0.18730302084293346
182,2.190554360180763,2.3994591030431804,3.8088047598825416,9.523802079013548,6.682636148819618,0.5012225225010933,9.427948507778114,27.93897825748458,18.53715898989065,786.5062323633279,0.733078943591898,33.82583071086775,3.3872897773074073,683.2076152608046,0.7339191915192494,177.47889091014204,0.5727115709817686
183,14.50600986752971,3.5901894879548033,0.776573375349654,7.603767433651241,4.447990444080915,4.868897567342024,5.932134941743958,25.97138405643441,16.818639648483952,758.2793462717514,0.6187158278242669,88.77114928557802,10.289733856320636,37.18079808514322,0.8810782565747618,19.82477895469158,0.8056121671246628
184,14.030533431085392,2.7450528116503894,1.6381748309952844,8.038616254801829,7.252054938915405,3.6572302462022206,11.02116754518872,96.9587530630341,13.327520947269683,874.9281579942261,0.5940677005049289,82.98148655691412,16.588723951970984,739.1536910730629,0.5975801925654101,147.52583888777264,1.0343078407352748
185,13.189394705233164,2.8054581234787785,1.9508333557298245,7.482947462743208,4.469272286244426,2.9534752631113728,22.130128797994285,116.3354695038656,14.015150266040784,794.5610322204936,0.8927250231047252,81.45756951193435,18.40002755721246,445.62564731580807,0.6093549058186186,32.18030637192968,0.5249835462375
186,10.889126099504786,3.0480602612131706,1.6596633514879753,7.287358308044284,5.764822991810447,1.8440236571312039,1.6355136521944393,111.3519866454273,17.4210459550227,205.20195083978447,0.7686294633806992,73.58409351536427,13.50813766624066,396.7931323757413,0.5368571818496337,49.141946397884375,0.1408015344793708
187,6.371084540272755,2.0819547744495908,1.301579278797918,2.9158903146922266,6.303702411806096,4.460689315814684,4.95572028123754,72.71430190367857,11.772147307366087,228.22987008487084,0.9278830701281604,88.48569011019879,6.374589790956877,476.42433181390265,0.9790443390487708,291.5348873355159,1.6025647468349564
188,12.549100616299654,2.5430509848019924,1.81500042313472,1.2213828399002926,6.354390347041699,4.927725005274761,27.448752956163222,81.77208413086495,35.778278497198016,604.7523855624731,0.8545188447753966,84.98889708748612,19.260773515843365,431.03484898410056,0.8796036143380022,245.688024795856,1.3477268291804212
189,8.385414338153506,3.8718902396630357,1.9607674495102216,2.535344600033742,6.157221394832938,2.8818760213397105,23.020742067034174,112.49614179968886,4.194787305331558,660.409140476494,0.6206697513480202,20.14458968332926,0.3112818678674595,212.5212617642034,0.5838020229846435,87.07779568061864,1.3720811067799443
190,2.479515729868268,3.9136429143054388,0.934469232172666,1.6756943498339458,6.1687492103924875,2.3518173316154884,26.437900235740475,95.78875992940274,16.213783970721444,528.5092041679712,0.5261009798640784,45.330471308081755,7.748121311364438,157.93657397854633,0.6702861786991053,200.56543902527412,0.8241084999310304
191,13.935720278296616,2.561665135824666,1.698399337124746,3.9746797400373506,3.290076352500253,3.7009343999054107,1.9624298894652823,39.08808701664924,9.594859111584816,608.9318361735731,0.8525456615107122,63.41025782436479,2.3402387319970117,666.5476103097654,0.8118383602304566,51.72269735463406,1.1054659525114865
192,18.953983629542577,2.593471801416021,2.2167381159891364,0.09810740345014204,7.291481000162533,4.028357126550256,22.917228332792153,28.14220688452255,11.724558848578736,349.5170675352259,0.7258734221094267,68.18958657958757,4.358935328609812,59.90140027954305,0.5265142118609712,325.3071659978227,1.5698619994654457
193,15.65973599519215,2.6789905942669074,2.596924776379038,2.135358325374443,6.538179090762992,0.5448913450472811,20.622411110902558,38.16749798164257,24.09570365204136,566.7692081500168,0.9169208032145366,27.888121320593832,13.882893613813355,144.5208936699248,0.8531902778905402,56.16750289410143,1.758903934003883
194,16.623360141707856,3.4684144347091777,2.9924728028703615,4.307667487392344,2.9745751029095473,4.758710097953266,14.833578762641496,47.406925025826816,13.176564128629034,236.92167716139525,0.8880907562248537,71.58123821055099,9.998714071238942,103.53822602363041,0.6449432925087999,118.23907579757822,0.584636084693743
195,7.381576010205981,2.836733162097495,2.6205772157369083,1.379892260821067,2.588380697087149,3.8140377810210473,12.11608709072745,31.372331180955385,36.524167245022234,855.6023625802635,0.6722458195524279,71.40253820757984,7.224727468186515,552.9122354844301,0.730192471617484,309.37394000950457,0.27828942571194126
196,10.495965117924655,2.665541822384677,3.2276310557818277,1.5648787934051513,9.97201073837835,4.6530323841304595,9.527966713936754,75.9482901293525,34.40441894979982,916.3300103934191,0.7928188578460457,66.95809834721229,13.949405415452556,216.3618701717287,0.551277777294499,71.06881903467857,1.4684498783851565
197,10.622775375350049,3.3394468053617716,3.6545084758040214,1.9532117662415298,6.2073401005749105,4.600885368292605,17.692470775456652,68.27660230137883,36.16053558281017,914.0812749360374,0.8403241143580614,25.48802755646401,4.946522586699032,51.19019621016957,0.9644534569042982,207.64987930973476,0.06808590353629647
198,12.06094593118332,2.8212606062690204,3.8451144677462246,7.670034818463375,9.942478409965748,1.3578793789692238,23.09701765416379,92.63592541934035,20.718387827704035,783.9353362401885,0.8936148662736915,46.091219042325164,15.443316765391586,611.6632155510774,0.6128887235578623,121.60716881030459,1.0848525377889076
199,3.6086064276977803,2.353749752209051,3.582894958122537,1.054854752675304,6.882505002887161,4.021383473643439,1.0668632268239866,26.441165278648402,38.664409803516364,951.8702502744599,0.9003798683016015,54.49997711950838,5.347940135758074,550.0512996124149,0.6655306772517463,57.41009874522361,1.7855446462629367
200,6.456247478437587,3.1879787144262712,3.4035494067338807,5.013198289441599,2.1115484485690064,2.717037196716189,7.430775248256428,35.882284053265366,6.157524206971424,264.7046383659112,0.6525463587434569,75.21542641237662,11.78416780970224,189.36182783328786,0.9135275424338551,318.70667647316105,1.1735342596557916
201,6.439542636680792,3.0002486900020573,2.0559781469312877,4.439689066381748,4.560213854880356,0.775429367870061,25.969090526705692,95.59920869092738,29.308720416955328,311.6866531919383,0.5840933579398762,41.54691648915265,4.576210412186289,608.2381994360125,0.9673202600389699,311.40296322445795,1.881769931167296
202,10.814185203867009,2.7042367512049728,1.395261028576082,3.9372351743562914,8.482026754710574,1.0343371327979025,19.7727598623965,78.75478558655882,2.689747936884154,749.9316777625396,0.5670749280606484,82.3554890273403,7.173464271582761,390.5836986785899,0.5923923144715997,146.93928136542362,1.1869387384680277
203,4.465437081837095,2.0979069818955396,2.35008697919287,1.1984742431815996,1.5024933301127201,4.792293087671642,22.620311721618325,118.9343983088282,15.423125294867466,547.0834435672664,0.6035682556969506,21.177851177531803,8.484392311906122,462.984280550288,0.8361678392554507,88.67986978074397,0.6595515867244794
204,13.776501283441121,3.526938172399596,2.834774821172775,4.677169772694173,3.9738782902873973,3.063906279305145,21.914155772038107,101.25500974984259,1.5234932659212426,703.6547529629313,0.9329245013889588,27.180834121706354,9.071407424722569,134.59372952790446,0.9272181687302148,123.69392932371045,0.4123136432541729
205,7.1656292704811335,3.487840654339334,3.4837233070919025,6.9544054253905205,3.250666331577969,3.239039855453936,12.882412921946955,89.05565674127116,35.588887987648064,814.6454211247845,0.5641912180281707,64.18697547516251,16.93823192485016,8.74457130973628,0.986091212920356,348.61756515644794,1.502394004390465
206,13.844912255947412,2.6813336669233165,1.0468339682166485,6.923717313037444,9.352861513989685,4.395973431373877,18.111755920317314,58.52656463391503,36.88406577308452,336.35402851013293,0.5540245894285005,61.76569651704641,10.241082943444585,501.3190862978198,0.8924838966284798,62.948782670259625,0.3204530248106745
207,17.458534760685055,2.948184302912772,1.578362296512536,3.0438766757787814,7.379742699456273,1.638735647805453,15.241537678037037,31.750092194127078,2.324924745727629,893.321977400172,0.5811247015345858,38.0105800027861,7.522458241463259,436.7363328653416,0.6604542415803256,217.16068567617597,0.9716010239556211
208,13.455223187795433,3.2251408732523803,3.827138302033023,8.863382337746655,4.223189557262956,1.8074588270911842,15.058868240962026,86.0199989219906,29.714887769992,898.9537799008627,0.9713611152758709,37.07730112344865,16.51788890737113,276.2969886877896,0.8021674883193759,322.1145760502501,0.36659594108457466
209,6.9764874300831545,3.3310574963743775,3.3729718988523256,5.926171430257844,4.394535862090927,0.7047563973165041,20.81206455580744,43.20537533132817,9.244399800604278,579.5635918280611,0.7157092321235242,85.83437749119868,18.22428653815172,720.4506640868343,0.6648719266769781,2.260151547047269,1.1215438317663033
210,4.648892610549627,2.6716373092311123,2.0025816619877244,0.737724206334276,7.911035632478477,3.931993974887898,3.444173055248384,24.8267193720366,31.492985563798204,395.0738733616545,0.8031990825275597,59.78073015054331,0.24576952030299484,557.6026306425309,0.530406418816289,181.61105304709358,1.515034624107824
211,18.673736991974664,2.615439767936429,3.389154607905585,6.3650529934844515,6.665983701519177,3.5602374305000257,23.842534697252226,27.16414450123559,25.35277222468507,650.4432090511538,0.958408715510991,60.78012763138035,7.597128439350691,178.1318724274035,0.7517180168061055,191.27601026700665,0.28067872102651564
212,11.124012073139792,3.370065994411061,2.6708212991286264,9.21376194320225,5.564995672634017,4.381830062533977,28.87317742434289,84.74070204557057,31.928934016283442,468.3239210268596,0.8635108672232088,51.958143247140626,11.016201062911474,196.21583854421917,0.6723198829744921,295.1409381953672,1.5583677805142695
213,13.742401661501018,2.760880800478112,3.061557678500627,9.536877009144598,5.895729159277893,3.3017560240132124,14.443997742842043,45.982358745771684,16.63622416579283,360.627301242837,0.5602809139323612,63.93969017154244,12.52029108927687,393.2240510839411,0.7582182355934932,129.22141163562753,0.9456348644264712
214,15.86900025031907,3.139870058380241,1.5867438351656402,2.5018483499108246,1.1869504332624867,2.2326610817985806,29.43572622936882,67.12505539580825,21.029079967381612,507.6058143140018,0.5309607596171155,57.009844156255326,9.389057137570466,204.19307300841373,0.6077018692330991,326.67024774227184,0.8562962432120181
215,12.612744464490687,2.629750642684896,0.768718165492412,7.978776918559433,5.623108712713341,2.3305870299246156,12.30899425859022,36.89539107021393,28.77570432679647,592.6716239213724,0.762414987982021,79.17163553531498,18.785890547065478,355.27106463935735,0.9209746228258675,80.13067215647965,1.4324617397340704
216,18.90899923021387,2.962461187293994,2.264525952045974,4.370122554946368,9.841880525699363,3.604463995612795,14.025614686844445,70.8079890021354,6.559212402501684,358.94851957966586,0.5583395050899401,66.11534095104801,8.34105343283653,386.2130273020549,0.5347059921848771,5.1999029748659895,0.2629981208332913
217,16.26040431161641,3.858955672165134,2.4566708177701986,7.518590449013116,9.437207364388453,1.0226540909614774,2.622155218308677,84.48191845858227,14.732981790781583,286.6803074957388,0.5955349619755218,65.86026470897116,14.897383930744839,547.0445746166951,0.949806526869142,96.41909006236173,0.12036984830382687
218,8.212140638301657,3.239748082639031,3.870882684231984,5.220935043349524,3.8190483380943525,4.629398803955338,26.819071243964274,117.36466950254366,17.332949660790195,552.8479491049043,0.7967397817390037,45.68497827674294,8.292395784204722,58.4042175189174,0.5799106860771048,27.468806926812995,0.7463184993861367
219,3.014225893740956,3.9413422528551973,2.730243817355538,3.1613323049484614,5.884973778981561,4.257736315472843,8.218383134890981,32.83356412824165,2.453260166152747,780.3030874465508,0.6769113242660119,37.888509637096284,4.281135797839265,569.123877572001,0.7646576639823137,170.2909458724794,0.01757615652531546
220,10.355981143740586,2.94295420610583,3.782346596956923,4.057041368138686,4.811004244828508,3.4558914280446533,18.105633432997614,53.03585856039451,0.2972977925052708,622.5250585516471,0.837463163059841,69.79751457406726,7.932965011316404,193.65804834832517,0.7501298106484692,33.56215317463183,0.44634132154550776
221,19.171758713541575,3.975846870821132,0.37706883400328134,3.0750613644265483,1.0678857711376042,3.4303467341485545,24.024563875858174,63.73735382708462,36.316679169475805,502.45771946254786,0.787570054410569,34.80773918928119,2.8441818122595794,712.017531475884,0.8554100192915244,173.65317729357503,1.4412283695020731
222,4.848128658613972,2.216918627887095,0.4298932742316311,8.650199090549375,8.878588503795644,1.0821250311414303,11.096163179753768,29.253833699700863,15.126124667322077,230.1132795305224,0.5438702125535511,69.48865491844148,10.86789269936392,410.9126851337437,0.5877021777300371,289.7347476695295,1.714080872490846
223,13.370445204377656,2.17966218849168,3.0864045369706665,2.2541704617272313,1.8685323576401847,3.6713513430764357,29.405191760724346,80.14599799096614,34.56077044172472,655.6847099333366,0.615228972118127,47.417617319037866,12.553887875658221,644.5165311340805,0.911196670827618,41.49624136463011,0.09643172997560731
224,17.531221815738647,3.836683342405233,0.6270117046459119,6.4771043219418125,3.029130617861865,3.0924677045675604,8.333981693414675,40.0690354589698,26.03942220975338,445.09219261880895,0.7509544518033234,87.9157248157855,6.011922992200425,346.66255129986314,0.902787114321326,114.56025157667793,0.15287923966223652
225,8.529484325644319,3.684602098262155,3.5926363966433197,0.47064967511906164,9.597082450023755,1.5933158747081182,1.791694707464103,43.38866596119996,11.017838356330063,643.7156992110883,0.7819523237935435,43.136049300837925,8.801105142728483,305.6160271016118,0.5531255177561314,320.2771396099802,0.6985632303979923
226,7.298901669609808,3.4187140502192124,2.98367902447996,1.4650679527599881,7.867847097714509,1.2906823822047406,29.56008458669955,55.901618378102995,4.780494937065881,279.88281751784433,0.6783847043504787,29.041353052231276,11.449853067351398,40.07721696149112,0.8734054235022316,171.81752576711216,1.6876693542533392
227,17.828994425420763,3.288419274247869,2.55285839489628,6.40394784445962,3.0593436797093045,0.7384237865654617,19.47010917905015,98.64605969066308,19.895194632966998,754.6271386436908,0.6323962239923179,54.21288425970647,9.293095522521286,491.0454274360436,0.9506446677329228,250.35460267169356,1.6990229302773676
228,6.693120196865623,3.9383107474942545,0.3929199324642445,7.383723415245537,6.969607857953677,1.4264397475845254,14.559275355743527,29.393672014500332,4.5506573916593345,920.2056914267175,0.8325441081823555,26.30451742045586,15.977970823355987,421.8636021601952,0.8689331734819055,6.352331819938719,1.5371679947480053
229,8.919746069910202,3.9611249579786616,3.3437796889703173,9.743604504093913,2.1785383254292316,2.5125303634400717,15.010574615181671,81.41580929923798,31.131919584070108,699.5791335699566,0.5081731370762945,36.90404429504755,8.161703913598766,620.5157485435527,0.8996696068818231,11.215796942840006,1.9599647485637197
230,9.32613820705734,2.72471236980647,0.4651537695067528,7.181827163526911,4.249810868292949,2.0056981151104996,8.6211232511586,63.06998969877173,8.300160609478187,569.6972212876454,0.5346656764710312,81.89124937237636,0.0849628782421386,62.899260278382684,0.6747177944896667,116.18276245358989,0.9254158923426732
231,11.620896130381626,2.5392538260740647,0.7094544861814527,8.40055135924057,7.398641945050822,2.5399542786345886,12.469609197251772,118.51003753865338,18.378288938940656,841.9708346611176,0.7309466054472463,65.2558627351165,0.00951046845450958,799.5801062752654,0.8547230443888783,72.59949641321663,0.29623376313850863
232,8.46626477862144,3.16427278296604,3.6802382761367483,9.579166971441719,2.916646644319247,3.970122170739511,4.977157469862183,68.41188686267274,9.354149141328703,673.5232755389079,0.9221211468368862,60.57145744110382,10.96783085947557,151.76012783848213,0.6691061848134224,222.21038331862647,0.9636044499224143
233,3.772022718651436,3.071655608638655,1.3524204322083269,4.493045509921465,9.132076500304105,4.5804580655591005,18.65209260242021,104.9437820024545,1.7594088185353893,478.0073551167002,0.5621644095516752,24.14072764506425,0.9426461055112477,373.30333460031426,0.8703090654839873,229.05722857277405,1.6580748590731786
234,3.311380292799575,2.9806928860441078,2.099209555352946,0.25715687681678856,1.7713568691186832,2.2246013742919684,26.379498511646652,45.03259681975325,17.958059697020023,417.3945443336978,0.9136154771123175,48.611120697526914,3.09937265565744,46.69221445667204,0.819880660895187,67.05556416119508,1.894529585711004
235,10.217797363622868,3.5718897844443056,3.009675250729026,9.414999577419286,8.802210547453395,3.4955681425750016,6.997679608137917,33.33315469873406,39.952253381217574,974.6096669787353,0.7551291821267601,65.37058810461893,11.28373698043194,117.7105136351194,0.7050813997474437,302.58048101610393,1.524172789670201
236,3.670535450473651,3.4640440326590114,1.7271994213011654,9.338789912743037,9.009161542551686,2.9796444500846104,11.62026969370073,49.87072370577022,0.47766095510737994,487.51084561868436,0.5651172520731748,77.97891997297708,13.807509502331367,27.234026164579706,0.716741218568483,60.93122408951222,0.8832705572122221
237,4.774910367302876,3.2157689803610268,1.310055279974363,4.963272071933523,1.155116311651629,2.1959710391225133,14.681982716245518,110.3708814991306,38.953792510671164,796.630167870969,0.6126078344540061,62.02151487602034,10.59989107972126,95.89519410841972,0.9253936834023153,159.73193848635563,1.3557901116429096
238,6.041706734138607,3.306446528051187,2.541100751490601,6.055521174925801,7.686882599668256,1.3042928168061645,13.612749863980328,115.6984587533242,23.810111239511265,352.16814471754697,0.7145165102123522,46.779071416192366,14.680293037615304,732.2607348614771,0.9010026040936323,304.6000658760836,1.721506992476497
239,5.581007687579712,2.814297947881717,2.965675755319979,5.984163373636746,8.791711932971921,3.2766779571540474,28.546795590288248,113.41897919679624,24.965043992869806,934.562188389189,0.8063696689439064,52.04632897004591,16.07521602704407,327.34876269060067,0.7945871304682608,138.93245861380979,0.7007068900959779
240,15.56348753060476,3.9518625409715176,1.8964727712495386,6.186865186000463,3.3873411331746865,1.6687370767631489,7.702813433480835,93.59016904236275,23.356173261588395,905.5165504409105,0.7239537494806615,46.87375645763002,12.93718163741527,272.2517450480608,0.8035958091816457,209.34520978974388,1.6643669504073444
241,16.644058469992704,2.4182071841274206,2.4445261615231977,5.655743425777386,1.9035945046245764,2.6377767755925148,4.025526029676947,56.98252443946251,32.60606300663726,205.78716959010188,0.8127030065785208,23.486539980899746,8.961819077971958,543.5936485145243,0.8133477884398346,69.75161419572727,1.0200841772746285
242,13.576807179698434,3.8026510896640255,2.169827870693412,6.621293738931213,5.977710509732568,4.046454337413955,5.393500492613425,82.027885826717,23.59399189764507,289.8205142606512,0.7903515071004733,89.11559485691606,12.18761853416272,580.382256409094,0.6884689544648825,82.53074534383816,1.1527743975039022
243,6.6374857936298115,3.752273430067767,1.4168776031367785,1.0037751159226593,1.0155241212537554,3.539084930602036,10.664325680154999,110.95819171155291,15.787255167919607,741.1244877477984,0.6468188284821776,58.76445760074593,13.2641972375655,482.5949862486589,0.713947057172238,38.79589985677368,1.2458343395467988
244,19.281429364433407,2.8947357012643478,0.5570401797273322,1.2492862726972622,8.409490486299337,2.721688554797775,26.951026950516628,32.42242639486132,5.769261087214162,722.5554245594088,0.9531244984862783,76.67861444317191,16.772973551853383,260.3355078444069,0.7331722614316762,330.4488280894493,1.9625980982026596
245,15.058674649634835,2.135974029044101,0.25467058806025766,4.191630263431461,4.582870420593064,4.270094597343073,24.528973708360038,20.316697349884272,35.37078492357737,857.8876238196136,0.9298849694902067,66.24876806831517,12.884033220826847,795.8649570348265,0.9698528838716534,61.871191071858796,0.383388820811553
246,18.222133888061077,2.4326730253480777,0.5990900564273707,9.180975008277388,4.047960147609924,2.3947732310732475,21.44258741951016,41.29989920597057,37.32860139198276,258.75702797538366,0.6300368326987388,30.84969954111747,0.40271178554865,517.25390693751,0.6945189368588844,186.23319116327374,1.8132443501559787
247,13.94386218233235,3.0756539472424205,3.7338068155987885,5.19779481540374,5.387518345483811,2.89895168806743,13.090321454327954,69.7721563047983,12.584679830519377,519.2442507513374,0.6668215141653315,39.27238157534842,10.124665651406033,360.9500306380681,0.7358266629133118,150.29388774454532,1.9001239306142343
248,18.80327471988336,2.4622891042367323,1.0841780868625779,4.135829902582336,1.6583354146468694,3.5456512702640457,16.27821956051023,62.98814868194819,37.9572252338504,511.3493239483136,0.8281998366399786,38.20276409371425,16.048049751614222,695.9009407445046,0.5645786751645192,127.11919210991178,0.11086536623757898
249,7.499927930946137,2.380524582473012,2.718758025712806,6.3698178049423335,5.04466739347969,4.71829106661354,26.734772497707535,39.418712154715834,32.800211715354415,601.9832130875296,0.8198488649111519,21.077838363161582,12.744133860277662,250.11759359547327,0.8607483978915605,188.1265935894467,0.11858488001497385
250,19.80449116953377,2.0647749261747275,1.772265237179459,3.433884189098004,7.313402626164729,0.765606350619251,14.125183221085893,75.58595630200014,11.296085844545177,964.7628120901721,0.9635948024271455,40.58316073641261,15.761910247685421,527.1502975386477,0.7969196133469097,12.522811130558232,0.3520229860391826
251,17.272906835744983,3.0856449250718625,0.4178672343407285,6.530760623285026,1.8029976058181785,1.1825326625234696,27.950459427327196,54.759771635943515,24.193997443980795,391.2652947146329,0.5825230040960602,30.50866852190022,15.009359723739413,717.6408604621829,0.6508037520227565,77.47067947512639,1.2152526331626525
252,8.57833098677606,3.607065546726089,0.6733542058188283,3.867661832474924,6.036625587612136,3.9009011991374716,23.716184304890067,109.88247456182866,21.63178538753221,266.7934284906643,0.5282367484762566,38.92690012240851,3.842594284022434,247.0183162532069,0.9310669425813355,187.7490671827249,1.4167284802612647
253,16.949270706450186,2.202217489438534,0.12161578683802257,6.581857065430087,4.309125795162418,2.3878343966067543,6.702608246754121,41.7849420536988,3.8584348935079893,343.1635133543853,0.6412871078825121,44.734620797838865,14.6274574585748,238.75568064960112,0.9426736770953676,46.82655754621525,0.23688313048705711
254,15.42064116537032,2.439846501016043,2.5011577510901306,2.3582900434039793,6.095152411520392,3.778074858618483,21.08764060341772,114.91148660573963,9.88249599783918,719.7733867010035,0.8223797997219569,72.11222036177105,7.642587096816102,295.001798247597,0.7929644330205912,258.3487035541145,0.7929612555378102
255,14.252272691514069,2.8691696490089114,1.248575240503674,3.6556475517817817,6.247231083894117,0.7221581161006733,12.512646245339035,34.25326900713594,21.391380485456196,372.87446081283616,0.6217710371710579,80.09682284505104,11.905399828378265,236.45244027707525,0.5715311261450556,130.5236774114737,1.8366560747402616
256,4.264859981591192,3.1069094499330516,0.8105672181216164,8.93859332336095,1.1300051430991467,1.776591193134928,8.002678045102003,104.6103637138036,7.072079695676237,314.47744056970635,0.8989021984652975,36.10395543050828,7.112412916902276,762.3894001397172,0.6782188378876555,234.27625213890374,0.08945060675199362
257,16.21777161697476,2.2297375619787996,2.6621333364560957,0.28466827857019805,5.463520866908349,3.522991463116206,5.801316135138864,112.8517955261435,30.338203127932882,543.5988570850442,0.8447172560005299,51.27046579690773,17.054477244187282,303.9156530847087,0.6415982061043677,118.80464154813275,1.576058775494247
258,10.686572220131588,2.4483690822641586,3.983217213601668,4.72223525759906,5.479287255041667,3.2209675246379845,24.243842569943777,60.95779019362843,27.523914668215923,936.0463950775483,0.9184032273691938,33.53600840224101,5.41334400022325,43.899452714429685,0.6855742704508064,45.44791728199406,1.2600420671510886
259,2.635979413828584,2.781949569223216,3.573237581962444,8.920555292087561,2.4773261019779684,2.68317786648603,20.374449784862595,113.80678958880154,34.69243244735693,263.06130123946957,0.7610403433728139,48.196274328859175,18.072814649711987,186.54671470376235,0.9469393574663394,73.9907873110333,0.5079029711027998
260,12.105285572902007,2.0415372623552104,1.2023096708241874,8.98441660030765,7.088464926622935,1.884366975981407,29.018723614441395,58.7632237045511,0.5843155133049522,305.81251091720463,0.6445037541734174,31.740847906610302,17.082590822485457,147.25348906018846,0.8669975341971559,107.57985254114321,1.6500662231884144
261,3.422931221659763,3.4478508980922182,3.4300732473623183,5.4752335696975205,5.704468589227181,4.7321544155609665,14.18937704502944,113.04994566707563,34.931635194636506,335.6028137492509,0.5186039978154016,42.841785628619164,16.684666624669454,465.92035257304605,0.9988126009288523,196.725688509138,0.12724200171854144
262,15.350156889914192,3.482005550739844,1.86107293290893,0.5783874054668241,1.9757387400860225,2.407492471063792,3.9684497032073827,40.72048360814081,37.52310155696967,384.6858277006011,0.614525397392323,86.6048722319444,13.366588608060193,297.4731683148363,0.9331209402065113,230.17628316049309,0.6023379901781785
263,17.363322647590586,3.1458422866207,3.095594011210503,8.468258526989496,9.392705497062487,4.146828084782872,6.111740267406672,109.57875931728822,37.002396885502144,682.7377502269032,0.8283940711373017,89.59662890057461,19.664331232401977,509.2272332374877,0.9942146526613563,20.369518911501057,0.5484103658452517
264,3.0510657577660396,2.1237529238311215,0.2749459249971228,3.591317487710313,6.573652670885151,1.932585298129746,25.81774871478178,76.5044956052595,0.06128919401509312,928.8855168806839,0.9032414918122528,59.57501671740072,1.0092447129885809,283.4499351607641,0.574130317104092,283.8931254997613,0.2539280237177208
265,15.01539421261749,2.2612956860241464,2.188547074891972,0.902982609572518,1.246791991578465,4.448662659670758,4.191526369915147,72.33962825031534,15.52652985431682,605.5224434238271,0.8657399090825684,23.035064329150877,5.50658214529951,511.63840663496273,0.9415449523337094,95.38096416328338,1.2791241182223898
266,4.5453373542335544,2.924623074312971,1.6808118151480078,9.690493125532075,5.367839436323181,4.526452970413082,17.386149497433983,97.90885421193559,27.366152022674186,735.9339728690217,0.8417749798210292,83.8207984658278,18.371785621359944,308.9790606238827,0.5295165986579221,164.50250785709972,0.08633209612977348
267,9.84851016367551,2.3932198941667293,2.474004189333874,3.5355717210632784,5.263459055836044,2.7781967553892635,27.764224064639574,95.24740802159472,13.608172621022096,872.618346723516,0.607560944918305,52.78761357231531,2.456782141205827,485.4719421189003,0.8157219290624993,89.85842159845306,0.9868349655134091
268,11.963922610747007,3.2770274774884323,2.6029384026188422,0.8145415251842811,3.5830823805213394,1.2129712829897108,23.357634360020658,101.82694326317625,28.512633718769536,770.2599592611874,0.7940722892193552,84.34093656904578,17.187836461288455,682.0624733776654,0.7540335916031363,36.0790154596632,0.8288424410547907
269,4.625638874469377,2.3653764207059003,1.0155456503495215,1.4961179771862996,7.704426370247921,4.11983155200887,25.28702477760804,57.375345613543374,33.973690629606644,653.2055741093914,0.7209375378047103,84.72230309001613,3.7634399119168944,409.0716153799283,0.8758448159021247,313.55812327205126,1.7526628548597813
270,2.1750218999885274,3.1985457939789796,1.9194415637219169,8.257141003984485,2.65654509675937,1.3803958660205538,21.148871607141498,115.16035511586401,3.1483264086865166,380.26743429202054,0.6990785945107285,72.67488339243745,6.094723709003351,24.335276676411407,0.5326120551359189,228.2207425966064,0.3867882498135672
271,6.611276295722711,3.146841882339415,3.1632319183847066,6.973916473008732,4.927897918680619,1.9810099214784989,3.6232760333635325,84.25280475679615,39.238421187095184,943.8901262502651,0.969967382904753,55.09543477664646,7.024134895516552,413.8735161120276,0.7467581420995799,235.1430609067313,1.3179134452795092
272,9.502442998337617,2.9677725781615134,2.7942169765571157,5.27235104786329,2.7637306734670917,3.760526864840288,17.980766150069844,91.39125705422559,7.645811136403177,629.2294477772248,0.605193933728364,32.88892008630529,14.405958432161034,546.3454727785288,0.84023009415234,209.5912639574768,1.7288938534998084
273,11.583458734169977,3.9826393854423743,0.154173008318705,9.99133395777913,3.959466403798311,3.02628058168803,21.837714237643254,117.23088085714683,28.85405156833137,496.94116743897376,0.9633063668529707,38.88622317952449,12.260180995629668,426.0261658215803,0.6329646490650118,180.23289394266362,1.1825547724339336
274,8.759630987452837,2.440760474112735,1.645997362877009,8.896656341856602,8.331356601293674,1.965218524397213,7.220989736559526,114.43471561563027,10.252809460480584,615.0636039333933,0.5383904464009063,35.20874026203339,12.108718251374713,68.43019311831065,0.9444718372980045,80.60707206206044,1.304340497002687
275,2.8571737595555926,2.653517691946077,1.1723699413296824,2.4377107404211023,2.044753185901489,1.3123600349204478,1.4856514379515218,46.72149484236143,26.263587116244178,491.3985108453207,0.7790818455268004,43.43827701191188,1.0771103302622833,231.3352460363346,0.5885512231376527,158.71129848395987,1.942128559669701
276,14.811902676837832,3.8612075539638777,0.47421136614305515,2.6579845426827915,3.176221852927118,1.257998369081132,20.001108923279453,112.19467732221305,32.45594060495189,437.91069695816395,0.9305547424890868,86.38089129805098,19.50158875000538,493.6895631475661,0.5990495465472179,245.25713153179703,0.4761553324734714
277,9.66848150202647,2.303793542970495,0.04625223267629625,4.77656581034502,4.694135150622876,1.5189330831969468,29.683184297694304,70.31772026931453,13.53804991556538,441.08536479403654,0.6965825584058475,87.20256582414628,9.567464808003766,172.73835771962578,0.9564608711236784,9.71825027895241,0.4501664450492153
278,3.857310561284647,3.155443843804905,0.3729733925265725,6.535962907816466,5.4237296555283585,0.5795384558497639,11.16201568528844,87.82571784561368,31.848542875161947,555.237608040742,0.5754758001153286,56.28076768069729,2.505960409923163,687.7969410287097,0.5212577806798662,258.7078906018301,1.45359275727617
279,12.274089248802262,3.6871012488552175,2.2687060391918106,6.113368024305963,1.7249928934514613,3.6468138621275092,8.77662442958985,116.71974791632468,39.190162824211114,423.95003066849733,0.7297001750249571,76.99101657153875,11.216593422119768,716.0547674826838,0.9760413325568,35.63755835471692,0.7554253251520802
280,7.976465473063774,2.074684735140444,2.3710304670355886,9.296912332779634,5.593240082051216,2.5890266049770934,12.395176481324993,30.632126533012826,9.156744265107791,257.4609150566747,0.6235875494873065,37.40550652984777,7.862207955169403,452.3822838597668,0.5248741515124639,2.6434294161083827,0.907847398452016
281,11.042660433991562,2.8600158371141853,0.753537176200292,2.8605827717085126,8.124351749252096,4.078115302720727,28.29653702845083,108.10400864669752,3.2921950105480025,670.9320538149489,0.6698999146732133,22.475994917088308,6.224267814407158,33.389058165131665,0.6553867068074928,341.12670410291236,0.5775921880073845
282,18.497909313385783,2.165421157929562,0.6113101207272351,9.440826529955906,5.513740887303449,4.179438319816272,12.786593370417679,85.00462268142938,25.530896911226442,867.6307988966402,0.9829486204391793,43.91019690863702,10.18594200596265,777.352237907541,0.7022033759578536,82.8653932488362,0.7109031378302229
283,2.703304965540857,2.915177501312556,0.17588412465451522,0.3009006504968625,7.033093741986703,1.8586161274012936,6.794397537516997,70.47374748428562,7.509640186867214,685.4764401035878,0.5045955389261183,70.08256493630333,1.4342354675581723,770.2555672504986,0.7298642272446565,317.1354521419445,0.6161826001645513
284,14.705958180166416,2.110986057005436,3.7017981087305523,1.0780821938134504,1.0398745226874213,2.442122410321292,12.164765558420711,49.49959415367107,12.038072249169185,367.91798834389135,0.800369866481982,86.73734575122343,3.9386343379407505,488.47708732407887,0.5944731210257947,157.23647429998147,1.385436567884477
285,8.825751482398154,3.6616729270581514,1.28736385829096,1.1125798286532549,6.995801998620623,1.5263144568078277,6.228496887537192,30.89564399373971,22.004885131779005,245.6491563329564,0.7573366974745119,80.80446680550942,10.417219882313178,577.3395525193142,0.9526448060277111,163.11911101972126,0.3580011886282696
286,7.637174790069072,3.4956188263275236,2.013341645848577,9.963935590192714,4.201565422351646,3.825431702517629,26.262976731645637,24.500436937098335,18.509458062554,392.65242242663976,0.8824828855194193,62.76865410707101,19.43048376423645,700.9592982707097,0.8954255786379459,153.57623388095445,1.5500112762595317
287,13.610982768997053,3.9068667034466285,0.4897872668108391,3.3020074795188736,8.44454315767966,4.244037267876912,23.469187723969988,56.11821317892581,30.073776177417997,708.6351051841742,0.628989611782607,26.226705233417157,6.834236060734762,378.50156218035517,0.806687004636194,313.422900868571,1.7623143800518308
288,17.069797677791716,3.8445746379255565,2.929917194258027,0.6543387560825203,9.656070692249184,3.068182275417586,10.668911361819164,53.59550945006385,3.541006123129819,466.52820612465274,0.8384054623402688,22.612878680954143,17.89037210143084,591.8708722575423,0.9289889848564639,113.60475742839023,0.32702143343198137
289,19.072738031157794,3.0272313483778017,2.069682848898426,7.772162595341571,8.749586553381796,1.0427033117174893,8.499310448777646,101.40531826602682,20.892040590229513,766.7159908132384,0.9552158761853542,48.8805769935675,8.564085469497144,615.1347554340283,0.9779080276318507,237.36142406353773,0.02593583231329797
290,5.201828193278645,2.0094290325232875,0.3218941822123298,9.823128712516077,8.947879593842899,3.513336871465398,4.769709886477045,28.580463702632052,36.051247413941866,219.64620471043293,0.664628831829049,25.75059545788121,0.6057111833195943,71.40648708313245,0.5095291124923805,143.4552039161898,1.4623775124741711
291,11.432907353601331,3.3776567905381834,0.3151750147703513,9.104217404312037,8.58003618120592,2.561881001631775,24.66592268050732,109.08478177867904,7.758703448112949,922.8110898292388,0.6020393362750236,32.074265722315275,19.346626913488173,654.7380912027829,0.5060689141288971,103.6709661552341,0.03978899649369938
292,17.99307332341875,2.5845735957377753,1.336674349494003,7.119050067581462,1.3531611476777168,3.3935121253136673,11.9590169625411,24.02469481362922,29.419086222403568,429.13777647543816,0.5086190916214091,55.711209743323046,19.09690910448078,405.3712333055329,0.9979911607475528,102.7043790178371,0.4733123276456283
293,16.793500150535117,2.018797751106527,3.5189906400596658,8.173495407192545,2.27487488991376,1.8212573069601992,16.17458356104651,79.77848923281351,24.439707268329105,383.80308619473294,0.5009466502576895,52.953247711115615,1.6935998149671603,289.32294917717377,0.9743188251903395,126.6179635083812,1.4383823539967633
294,8.083398917924674,3.433123192042629,1.4356999672541868,4.207512370502223,9.622688498615409,1.1573901923030654,15.42763394633421,94.64169279348035,34.28362402588767,966.625486082656,0.9969417270379328,29.220052676486404,12.430529337226243,78.24773217678886,0.7090743032192685,166.09822210984,0.589215480835477
295,2.0341239487686607,3.359712658640431,0.10281963452675277,3.113841923066773,8.849126211181822,3.9415819020332377,29.748247849827028,102.25988644241757,18.827111322658105,656.3490674558934,0.7638030978520959,61.165865132328214,6.656450276569919,335.3326073979424,0.8422338375121414,254.5381219806561,1.3108001500747986
296,19.891462569049434,3.3126456251674847,2.745442730929328,9.873609641688194,3.2280379320411794,2.9726217888837607,18.977165820995385,23.888867290977217,32.02470569314155,387.13220121169763,0.5422863852288448,58.49305692298508,4.416207817172317,512.4110800911526,0.5730476625075762,289.572780974976,1.476606499954689
297,15.146255813973744,2.234577582306644,2.2108463154451568,2.1089296887128315,6.796821710169871,0.528062240195458,27.308424383828545,86.88534501472499,8.113605877222081,666.5631179578861,0.5235588454570308,34.67618063235434,0.8610290258341504,676.7366181837533,0.6152496634586954,344.3375111142474,1.0271567476100656
298,12.183653656938592,2.131450900576539,1.473342694104269,8.509607457195274,2.221331051047531,0.6907073434712108,28.378376665120996,60.216236219596865,14.974870757797884,971.5366340959622,0.7674350356646389,21.405063435013098,15.682283561598851,280.3148551667118,0.7244300255956395,122.25217725845535,1.1666974649060813
299,12.87387809933448,3.715124150618033,0.9950060184733092,3.1948170487097407,9.780848462595177,2.079139842221609,9.740081540476455,47.27110859553351,33.61838007920044,459.93817095451493,0.9769641370666959,37.521882692261215,3.9055529391675945,152.92557595560848,0.7215208912158091,329.5583094287449,1.979187246274588
